rank	FunSim	Hamaneh	ModuleSim	NetSim	Sun_topo
0	0.0	0.0	0.0	0.0	0.0
1	0.72	0.56	0.74	0.75	0.26
2	1.31	1.38	1.69	1.44	1.05
3	2.07	2.16	2.62	2.31	1.96
4	2.95	2.88	3.58	3.17	2.92
5	3.94	3.51	4.57	3.95	3.91
6	4.94	4.16	5.55	4.76	4.89
7	5.92	4.92	6.52	5.7	5.84
8	6.78	5.46	7.44	6.4	6.8
9	7.66	6.06	8.4	7.07	7.7
10	8.44	6.59	9.4	7.7	8.45
11	9.18	7.09	10.38	8.47	9.32
12	9.99	7.64	11.36	9.36	10.26
13	10.79	8.24	12.31	10.24	11.19
14	11.61	8.86	13.27	11.18	12.04
15	12.5	9.46	14.13	12.11	12.91
16	13.34	10.09	15.03	12.96	13.81
17	14.25	10.71	15.86	13.8	14.7
18	15.09	11.31	16.74	14.52	15.64
19	15.84	11.93	17.6	15.14	16.33
20	16.53	12.51	18.43	15.94	16.9
21	17.14	13.09	19.16	16.64	17.48
22	17.87	13.65	19.84	17.32	18.09
23	18.58	14.26	20.61	18.07	18.56
24	19.3	14.79	21.39	18.7	19.0
25	20.1	15.29	22.23	19.36	19.48
26	20.82	15.8	23.1	19.99	20.04
27	21.53	16.28	24.01	20.6	20.69
28	22.09	16.74	24.95	21.17	21.38
29	22.68	17.25	25.9	21.76	22.14
30	23.19	17.83	26.78	22.36	22.79
31	23.68	18.45	27.44	22.83	23.42
32	24.18	19.05	28.15	23.32	24.15
33	24.62	19.64	28.93	23.89	24.84
34	25.1	20.33	29.68	24.39	25.43
35	25.71	21.02	30.43	24.94	26.16
36	26.4	21.72	31.05	25.51	26.86
37	26.96	22.42	31.57	26.05	27.58
38	27.61	23.11	32.07	26.54	28.22
39	28.32	23.79	32.57	27.16	28.9
40	28.9	24.44	33.06	27.74	29.64
41	29.46	25.05	33.65	28.28	30.41
42	29.94	25.69	34.24	28.78	31.19
43	30.32	26.25	34.99	29.19	31.96
44	30.57	26.97	35.72	29.52	32.71
45	30.78	27.57	36.51	29.91	33.46
46	30.93	28.12	37.2	30.26	34.12
47	31.11	28.6	37.87	30.57	34.71
48	31.31	29.17	38.56	30.97	35.32
49	31.53	29.72	39.26	31.26	35.89
50	31.8	30.28	39.85	31.64	36.4
51	32.05	30.82	40.39	32.06	36.92
52	32.29	31.33	40.97	32.39	37.45
53	32.64	31.82	41.5	32.8	38.0
54	32.94	32.27	42.06	33.24	38.53
55	33.26	32.78	42.57	33.71	39.03
56	33.54	33.27	42.96	34.28	39.48
57	33.87	33.83	43.3	34.79	39.83
58	34.16	34.39	43.66	35.17	40.27
59	34.47	34.81	43.9	35.67	40.65
60	34.75	35.39	44.13	36.07	41.02
61	35.1	35.87	44.33	36.57	41.41
62	35.55	36.24	44.56	36.98	41.76
63	35.94	36.75	44.86	37.35	42.2
64	36.28	37.19	45.22	37.67	42.54
65	36.64	37.62	45.53	38.05	42.97
66	37.12	38.12	45.99	38.42	43.34
67	37.63	38.54	46.4	38.8	43.74
68	38.1	38.96	46.82	39.19	44.04
69	38.51	39.29	47.27	39.51	44.4
70	39.02	39.58	47.89	39.86	44.75
71	39.45	40.0	48.34	40.15	45.11
72	39.9	40.28	48.73	40.42	45.48
73	40.35	40.62	49.08	40.76	45.94
74	40.73	40.9	49.46	41.04	46.29
75	41.1	41.21	49.85	41.33	46.72
76	41.51	41.55	50.12	41.72	47.16
77	41.92	41.85	50.54	42.27	47.67
78	42.34	42.15	50.93	42.65	48.18
79	42.71	42.41	51.21	43.05	48.69
80	42.98	42.8	51.48	43.53	49.29
81	43.38	43.16	51.71	43.96	49.82
82	43.72	43.52	51.9	44.42	50.34
83	44.13	43.86	52.18	44.9	50.88
84	44.45	44.15	52.47	45.37	51.38
85	44.73	44.42	52.77	45.76	51.77
86	44.94	44.68	53.06	46.18	52.17
87	45.28	45.08	53.27	46.62	52.51
88	45.57	45.3	53.5	47.12	52.84
89	45.86	45.62	53.77	47.6	53.09
90	46.02	45.96	54.03	47.94	53.46
91	46.3	46.26	54.33	48.47	53.71
92	46.52	46.6	54.62	48.87	54.06
93	46.84	46.89	54.85	49.32	54.29
94	47.15	47.23	55.12	49.74	54.44
95	47.51	47.51	55.35	50.1	54.65
96	47.84	47.74	55.54	50.51	54.84
97	48.26	48.04	55.82	50.95	55.05
98	48.54	48.24	56.03	51.27	55.28
99	48.94	48.57	56.26	51.78	55.47
100	49.23	48.78	56.45	52.22	55.73
101	49.64	48.98	56.65	52.55	56.02
102	50.0	49.17	56.93	52.88	56.33
103	50.36	49.38	57.13	53.18	56.55
104	50.61	49.61	57.45	53.48	56.8
105	50.98	49.82	57.66	53.76	57.08
106	51.27	49.98	57.9	54.06	57.4
107	51.67	50.15	58.17	54.39	57.62
108	51.96	50.36	58.43	54.66	57.8
109	52.27	50.49	58.77	54.91	57.98
110	52.55	50.64	59.05	55.2	58.14
111	52.75	50.85	59.34	55.41	58.31
112	53.05	51.1	59.7	55.69	58.45
113	53.4	51.27	60.12	55.98	58.63
114	53.67	51.42	60.45	56.31	58.89
115	53.91	51.61	60.77	56.56	59.11
116	54.18	51.79	61.15	56.82	59.32
117	54.46	52.01	61.44	57.04	59.51
118	54.74	52.24	61.75	57.29	59.71
119	55.0	52.42	61.97	57.47	59.91
120	55.27	52.61	62.25	57.64	60.08
121	55.52	52.8	62.47	57.76	60.25
122	55.73	52.98	62.74	57.98	60.53
123	55.94	53.18	62.96	58.13	60.8
124	56.16	53.39	63.19	58.28	60.98
125	56.45	53.59	63.41	58.43	61.27
126	56.69	53.77	63.62	58.47	61.5
127	56.95	54.07	63.8	58.62	61.69
128	57.09	54.29	63.96	58.71	61.94
129	57.35	54.45	64.1	58.79	62.19
130	57.52	54.61	64.23	58.83	62.44
131	57.71	54.82	64.31	58.86	62.72
132	57.9	55.0	64.35	58.9	62.99
133	58.15	55.2	64.41	58.95	63.13
134	58.31	55.38	64.5	59.01	63.38
135	58.47	55.59	64.54	59.09	63.62
136	58.61	55.81	64.66	59.13	63.78
137	58.74	56.01	64.69	59.22	63.99
138	58.92	56.28	64.73	59.28	64.18
139	59.08	56.43	64.78	59.37	64.32
140	59.26	56.72	64.79	59.43	64.48
141	59.36	56.9	64.81	59.54	64.56
142	59.5	57.02	64.85	59.67	64.62
143	59.62	57.22	64.89	59.73	64.68
144	59.73	57.41	64.94	59.86	64.73
145	59.84	57.64	64.97	59.96	64.78
146	59.93	57.86	64.98	60.07	64.81
147	60.03	58.1	65.02	60.21	64.84
148	60.11	58.34	65.02	60.34	64.87
149	60.19	58.53	65.05	60.58	64.87
150	60.31	58.73	65.08	60.77	64.9
151	60.37	58.97	65.1	60.95	64.92
152	60.46	59.22	65.11	61.24	64.95
153	60.54	59.38	65.15	61.45	64.96
154	60.59	59.52	65.17	61.66	64.96
155	60.67	59.68	65.21	61.9	64.97
156	60.72	59.8	65.23	62.12	64.98
157	60.76	59.93	65.25	62.39	64.99
158	60.78	60.15	65.26	62.65	64.99
159	60.8	60.26	65.34	62.85	65.0
160	60.83	60.41	65.4	63.05	65.0
161	60.86	60.62	65.42	63.19	65.0
162	60.87	60.8	65.45	63.35	65.0
163	60.91	60.96	65.51	63.57	65.0
164	60.97	61.15	65.53	63.7	65.0
165	60.97	61.34	65.57	63.87	65.0
166	60.98	61.49	65.64	64.13	65.0
167	61.0	61.63	65.65	64.39	65.0
168	61.01	61.8	65.71	64.61	65.0
169	61.02	61.95	65.75	64.88	65.0
170	61.06	62.09	65.78	65.07	65.0
171	61.06	62.17	65.81	65.36	65.0
172	61.07	62.33	65.84	65.52	65.0
173	61.09	62.41	65.88	65.69	65.0
174	61.11	62.57	65.88	65.93	65.0
175	61.13	62.73	65.9	66.2	65.01
176	61.15	62.84	65.92	66.37	65.02
177	61.19	62.98	65.94	66.51	65.03
178	61.21	63.14	65.94	66.71	65.03
179	61.26	63.35	65.95	66.9	65.04
180	61.29	63.55	65.95	67.1	65.06
181	61.33	63.69	65.96	67.25	65.08
182	61.35	63.81	65.96	67.36	65.1
183	61.4	63.97	65.96	67.53	65.11
184	61.45	64.09	65.97	67.67	65.14
185	61.54	64.19	65.98	67.84	65.17
186	61.59	64.36	65.99	68.0	65.23
187	61.61	64.47	66.01	68.11	65.3
188	61.62	64.63	66.01	68.22	65.37
189	61.66	64.75	66.01	68.35	65.41
190	61.7	64.92	66.01	68.44	65.49
191	61.75	65.08	66.02	68.52	65.59
192	61.83	65.18	66.03	68.62	65.74
193	61.95	65.32	66.03	68.68	65.86
194	62.04	65.47	66.03	68.75	66.0
195	62.15	65.55	66.04	68.79	66.12
196	62.21	65.73	66.04	68.81	66.2
197	62.28	65.83	66.04	68.84	66.28
198	62.35	65.93	66.05	68.88	66.38
199	62.42	66.05	66.07	68.91	66.49
200	62.51	66.12	66.09	68.93	66.6
201	62.59	66.21	66.1	68.96	66.67
202	62.67	66.29	66.11	68.98	66.77
203	62.84	66.36	66.12	68.98	66.86
204	62.97	66.47	66.15	68.99	66.97
205	63.1	66.51	66.24	68.99	67.09
206	63.22	66.58	66.27	69.0	67.19
207	63.34	66.63	66.3	69.0	67.29
208	63.51	66.68	66.32	69.0	67.37
209	63.64	66.72	66.38	69.0	67.47
210	63.76	66.8	66.4	69.0	67.55
211	63.87	66.87	66.42	69.0	67.62
212	64.04	66.9	66.51	69.0	67.67
213	64.31	66.94	66.54	69.0	67.73
214	64.51	66.97	66.61	69.0	67.78
215	64.63	67.0	66.65	69.0	67.83
216	64.91	67.05	66.7	69.0	67.87
217	65.15	67.1	66.79	69.0	67.91
218	65.3	67.11	66.82	69.0	67.93
219	65.42	67.15	66.85	69.0	67.95
220	65.63	67.17	66.94	69.0	67.97
221	65.78	67.21	67.0	69.0	67.99
222	65.89	67.22	67.04	69.0	68.0
223	66.02	67.28	67.08	69.0	68.0
224	66.14	67.31	67.15	69.0	68.0
225	66.33	67.32	67.23	69.0	68.0
226	66.48	67.34	67.29	69.0	68.0
227	66.62	67.37	67.34	69.0	68.0
228	66.8	67.39	67.41	69.0	68.0
229	66.96	67.41	67.45	69.0	68.0
230	67.05	67.47	67.53	69.0	68.0
231	67.17	67.5	67.55	69.0	68.0
232	67.25	67.54	67.58	69.0	68.0
233	67.37	67.56	67.62	69.0	68.0
234	67.49	67.6	67.64	69.0	68.0
235	67.61	67.61	67.68	69.0	68.0
236	67.72	67.62	67.69	69.0	68.0
237	67.76	67.63	67.77	69.0	68.0
238	67.81	67.65	67.8	69.0	68.0
239	67.92	67.69	67.85	69.0	68.0
240	67.99	67.73	67.88	69.0	68.0
241	68.08	67.75	67.91	69.0	68.0
242	68.16	67.81	67.95	69.0	68.0
243	68.24	67.82	67.97	69.0	68.0
244	68.26	67.85	68.02	69.01	68.01
245	68.35	67.87	68.07	69.01	68.01
246	68.43	67.89	68.09	69.01	68.02
247	68.45	67.91	68.09	69.02	68.02
248	68.51	67.92	68.09	69.03	68.02
249	68.57	67.95	68.12	69.04	68.02
250	68.62	67.95	68.14	69.04	68.02
251	68.7	67.96	68.15	69.04	68.02
252	68.72	67.97	68.21	69.05	68.02
253	68.8	67.98	68.26	69.05	68.03
254	68.84	67.99	68.29	69.07	68.03
255	68.88	67.99	68.31	69.09	68.04
256	68.94	67.99	68.34	69.1	68.04
257	69.0	68.0	68.37	69.1	68.05
258	69.03	68.0	68.42	69.13	68.08
259	69.06	68.0	68.46	69.14	68.08
260	69.11	68.0	68.51	69.16	68.09
261	69.15	68.0	68.59	69.16	68.12
262	69.21	68.0	68.63	69.17	68.14
263	69.24	68.0	68.69	69.23	68.15
264	69.27	68.0	68.76	69.3	68.18
265	69.3	68.0	68.84	69.36	68.2
266	69.33	68.0	68.9	69.39	68.2
267	69.39	68.0	69.0	69.4	68.24
268	69.4	68.0	69.12	69.4	68.27
269	69.43	68.0	69.2	69.41	68.3
270	69.5	68.01	69.25	69.43	68.32
271	69.56	68.03	69.29	69.46	68.34
272	69.6	68.03	69.34	69.5	68.36
273	69.63	68.04	69.38	69.54	68.39
274	69.66	68.06	69.46	69.57	68.41
275	69.68	68.07	69.56	69.6	68.46
276	69.73	68.08	69.63	69.63	68.52
277	69.75	68.1	69.65	69.66	68.53
278	69.77	68.1	69.69	69.71	68.58
279	69.78	68.1	69.74	69.74	68.62
280	69.84	68.12	69.77	69.78	68.66
281	69.86	68.16	69.81	69.8	68.68
282	69.9	68.17	69.84	69.84	68.73
283	69.91	68.17	69.84	69.84	68.79
284	69.92	68.18	69.84	69.86	68.81
285	69.92	68.23	69.87	69.88	68.83
286	69.93	68.28	69.89	69.89	68.86
287	69.94	68.32	69.91	69.9	68.87
288	69.97	68.33	69.93	69.93	68.88
289	69.97	68.38	69.98	69.94	68.88
290	69.98	68.41	70.0	69.96	68.88
291	69.99	68.46	70.0	69.97	68.89
292	69.99	68.47	70.0	69.98	68.89
293	69.99	68.49	70.0	69.98	68.89
294	69.99	68.51	70.0	69.99	68.9
295	69.99	68.54	70.0	70.0	68.93
296	69.99	68.61	70.0	70.0	68.93
297	69.99	68.63	70.0	70.0	68.95
298	69.99	68.66	70.0	70.0	68.98
299	69.99	68.68	70.0	70.0	68.98
300	70.0	68.69	70.0	70.0	68.98
301	70.0	68.71	70.0	70.0	69.0
302	70.0	68.74	70.0	70.0	69.0
303	70.0	68.77	70.0	70.0	69.0
304	70.0	68.82	70.0	70.0	69.0
305	70.0	68.83	70.0	70.0	69.0
306	70.0	68.85	70.0	70.0	69.0
307	70.0	68.85	70.0	70.0	69.0
308	70.0	68.86	70.0	70.0	69.0
309	70.0	68.87	70.0	70.0	69.0
310	70.0	68.87	70.0	70.0	69.0
311	70.0	68.92	70.0	70.0	69.0
312	70.0	68.95	70.0	70.0	69.0
313	70.0	68.95	70.0	70.0	69.0
314	70.0	68.96	70.0	70.0	69.0
315	70.0	68.97	70.0	70.0	69.0
316	70.0	68.98	70.0	70.0	69.0
317	70.0	68.99	70.0	70.0	69.0
318	70.0	69.02	70.0	70.0	69.0
319	70.0	69.06	70.0	70.0	69.0
320	70.0	69.07	70.0	70.0	69.0
321	70.0	69.07	70.0	70.0	69.0
322	70.0	69.1	70.0	70.0	69.0
323	70.0	69.1	70.0	70.0	69.0
324	70.0	69.1	70.0	70.0	69.0
325	70.0	69.15	70.0	70.0	69.0
326	70.0	69.19	70.0	70.0	69.0
327	70.0	69.22	70.0	70.0	69.0
328	70.0	69.26	70.0	70.0	69.0
329	70.0	69.28	70.0	70.0	69.0
330	70.0	69.29	70.0	70.0	69.0
331	70.0	69.31	70.0	70.0	69.0
332	70.0	69.35	70.0	70.0	69.0
333	70.0	69.37	70.0	70.0	69.0
334	70.0	69.38	70.0	70.0	69.0
335	70.0	69.39	70.0	70.0	69.0
336	70.0	69.42	70.0	70.0	69.0
337	70.0	69.45	70.0	70.0	69.0
338	70.0	69.47	70.0	70.0	69.0
339	70.0	69.52	70.0	70.0	69.0
340	70.0	69.55	70.0	70.0	69.0
341	70.0	69.59	70.0	70.0	69.0
342	70.0	69.61	70.0	70.0	69.0
343	70.0	69.64	70.0	70.0	69.0
344	70.0	69.65	70.0	70.0	69.0
345	70.0	69.67	70.0	70.0	69.0
346	70.0	69.69	70.0	70.0	69.0
347	70.0	69.73	70.0	70.0	69.0
348	70.0	69.75	70.0	70.0	69.0
349	70.0	69.77	70.0	70.0	69.0
350	70.0	69.81	70.0	70.0	69.0
351	70.0	69.82	70.0	70.0	69.0
352	70.0	69.83	70.0	70.0	69.0
353	70.0	69.85	70.0	70.0	69.0
354	70.0	69.87	70.0	70.0	69.0
355	70.0	69.89	70.0	70.0	69.0
356	70.0	69.9	70.0	70.0	69.0
357	70.0	69.92	70.0	70.0	69.0
358	70.0	69.92	70.0	70.0	69.0
359	70.0	69.93	70.0	70.0	69.0
360	70.0	69.94	70.0	70.0	69.0
361	70.0	69.97	70.0	70.0	69.0
362	70.0	69.98	70.0	70.0	69.0
363	70.0	69.98	70.0	70.0	69.0
364	70.0	69.99	70.0	70.0	69.0
365	70.0	69.99	70.0	70.0	69.0
366	70.0	69.99	70.0	70.0	69.0
367	70.0	69.99	70.0	70.0	69.0
368	70.0	69.99	70.0	70.0	69.0
369	70.0	69.99	70.0	70.0	69.0
370	70.0	70.0	70.0	70.0	69.0
371	70.0	70.0	70.0	70.0	69.0
372	70.0	70.0	70.0	70.0	69.0
373	70.0	70.0	70.0	70.0	69.0
374	70.0	70.0	70.0	70.0	69.0
375	70.0	70.0	70.0	70.0	69.0
376	70.0	70.0	70.0	70.0	69.0
377	70.0	70.0	70.0	70.0	69.0
378	70.0	70.0	70.0	70.0	69.0
379	70.0	70.0	70.0	70.0	69.0
380	70.0	70.0	70.0	70.0	69.0
381	70.0	70.0	70.0	70.0	69.0
382	70.0	70.0	70.0	70.0	69.0
383	70.0	70.0	70.0	70.0	69.0
384	70.0	70.0	70.0	70.0	69.0
385	70.0	70.0	70.0	70.0	69.0
386	70.0	70.0	70.0	70.0	69.0
387	70.0	70.0	70.0	70.0	69.0
388	70.0	70.0	70.0	70.0	69.0
389	70.0	70.0	70.0	70.0	69.0
390	70.0	70.0	70.0	70.0	69.0
391	70.0	70.0	70.0	70.0	69.0
392	70.0	70.0	70.0	70.0	69.0
393	70.0	70.0	70.0	70.0	69.0
394	70.0	70.0	70.0	70.0	69.0
395	70.0	70.0	70.0	70.0	69.0
396	70.0	70.0	70.0	70.0	69.0
397	70.0	70.0	70.0	70.0	69.0
398	70.0	70.0	70.0	70.0	69.0
399	70.0	70.0	70.0	70.0	69.0
400	70.0	70.0	70.0	70.0	69.0
401	70.0	70.0	70.0	70.0	69.0
402	70.0	70.0	70.0	70.0	69.0
403	70.0	70.0	70.0	70.0	69.0
404	70.0	70.0	70.0	70.0	69.0
405	70.0	70.0	70.0	70.0	69.0
406	70.0	70.0	70.0	70.0	69.0
407	70.0	70.0	70.0	70.0	69.0
408	70.0	70.0	70.0	70.0	69.0
409	70.0	70.0	70.0	70.0	69.0
410	70.0	70.0	70.0	70.0	69.0
411	70.0	70.0	70.0	70.0	69.0
412	70.0	70.0	70.0	70.0	69.0
413	70.0	70.0	70.0	70.0	69.0
414	70.0	70.0	70.0	70.0	69.0
415	70.0	70.0	70.0	70.0	69.01
416	70.0	70.0	70.0	70.0	69.01
417	70.0	70.0	70.0	70.0	69.01
418	70.0	70.0	70.0	70.0	69.01
419	70.0	70.0	70.0	70.0	69.01
420	70.0	70.0	70.0	70.0	69.01
421	70.0	70.0	70.0	70.0	69.02
422	70.0	70.0	70.0	70.0	69.02
423	70.0	70.0	70.0	70.0	69.02
424	70.0	70.0	70.0	70.0	69.04
425	70.0	70.0	70.0	70.0	69.04
426	70.0	70.0	70.0	70.0	69.04
427	70.0	70.0	70.0	70.0	69.04
428	70.0	70.0	70.0	70.0	69.04
429	70.0	70.0	70.0	70.0	69.04
430	70.0	70.0	70.0	70.0	69.04
431	70.0	70.0	70.0	70.0	69.05
432	70.0	70.0	70.0	70.0	69.06
433	70.0	70.0	70.0	70.0	69.07
434	70.0	70.0	70.0	70.0	69.09
435	70.0	70.0	70.0	70.0	69.09
436	70.0	70.0	70.0	70.0	69.1
437	70.0	70.0	70.0	70.0	69.11
438	70.0	70.0	70.0	70.0	69.14
439	70.0	70.0	70.0	70.0	69.14
440	70.0	70.0	70.0	70.0	69.18
441	70.0	70.0	70.0	70.0	69.18
442	70.0	70.0	70.0	70.0	69.2
443	70.0	70.0	70.0	70.0	69.2
444	70.0	70.0	70.0	70.0	69.27
445	70.0	70.0	70.0	70.0	69.29
446	70.0	70.0	70.0	70.0	69.32
447	70.0	70.0	70.0	70.0	69.37
448	70.0	70.0	70.0	70.0	69.41
449	70.0	70.0	70.0	70.0	69.43
450	70.0	70.0	70.0	70.0	69.44
451	70.0	70.0	70.0	70.0	69.45
452	70.0	70.0	70.0	70.0	69.49
453	70.0	70.0	70.0	70.0	69.53
454	70.0	70.0	70.0	70.0	69.53
455	70.0	70.0	70.0	70.0	69.56
456	70.0	70.0	70.0	70.0	69.59
457	70.0	70.0	70.0	70.0	69.64
458	70.0	70.0	70.0	70.0	69.65
459	70.0	70.0	70.0	70.0	69.68
460	70.0	70.0	70.0	70.0	69.71
461	70.0	70.0	70.0	70.0	69.71
462	70.0	70.0	70.0	70.0	69.72
463	70.0	70.0	70.0	70.0	69.73
464	70.0	70.0	70.0	70.0	69.74
465	70.0	70.0	70.0	70.0	69.78
466	70.0	70.0	70.0	70.0	69.78
467	70.0	70.0	70.0	70.0	69.81
468	70.0	70.0	70.0	70.0	69.87
469	70.0	70.0	70.0	70.0	69.89
470	70.0	70.0	70.0	70.0	69.9
471	70.0	70.0	70.0	70.0	69.9
472	70.0	70.0	70.0	70.0	69.93
473	70.0	70.0	70.0	70.0	69.94
474	70.0	70.0	70.0	70.0	69.95
475	70.0	70.0	70.0	70.0	69.98
476	70.0	70.0	70.0	70.0	69.98
477	70.0	70.0	70.0	70.0	69.98
478	70.0	70.0	70.0	70.0	69.98
479	70.0	70.0	70.0	70.0	70.0
480	70.0	70.0	70.0	70.0	70.0
481	70.0	70.0	70.0	70.0	70.0
482	70.0	70.0	70.0	70.0	70.0
483	70.0	70.0	70.0	70.0	70.0
484	70.0	70.0	70.0	70.0	70.0
485	70.0	70.0	70.0	70.0	70.0
486	70.0	70.0	70.0	70.0	70.0
487	70.0	70.0	70.0	70.0	70.0
488	70.0	70.0	70.0	70.0	70.0
489	70.0	70.0	70.0	70.0	70.0
490	70.0	70.0	70.0	70.0	70.0
491	70.0	70.0	70.0	70.0	70.0
492	70.0	70.0	70.0	70.0	70.0
493	70.0	70.0	70.0	70.0	70.0
494	70.0	70.0	70.0	70.0	70.0
495	70.0	70.0	70.0	70.0	70.0
496	70.0	70.0	70.0	70.0	70.0
497	70.0	70.0	70.0	70.0	70.0
498	70.0	70.0	70.0	70.0	70.0
499	70.0	70.0	70.0	70.0	70.0
500	70.0	70.0	70.0	70.0	70.0
501	70.0	70.0	70.0	70.0	70.0
502	70.0	70.0	70.0	70.0	70.0
503	70.0	70.0	70.0	70.0	70.0
504	70.0	70.0	70.0	70.0	70.0
505	70.0	70.0	70.0	70.0	70.0
506	70.0	70.0	70.0	70.0	70.0
507	70.0	70.0	70.0	70.0	70.0
508	70.0	70.0	70.0	70.0	70.0
509	70.0	70.0	70.0	70.0	70.0
510	70.0	70.0	70.0	70.0	70.0
511	70.0	70.0	70.0	70.0	70.0
512	70.0	70.0	70.0	70.0	70.0
513	70.0	70.0	70.0	70.0	70.0
514	70.0	70.0	70.0	70.0	70.0
515	70.0	70.0	70.0	70.0	70.0
516	70.0	70.0	70.0	70.0	70.0
517	70.0	70.0	70.0	70.0	70.0
518	70.0	70.0	70.0	70.0	70.0
519	70.0	70.0	70.0	70.0	70.0
520	70.0	70.0	70.0	70.0	70.0
521	70.0	70.0	70.0	70.0	70.0
522	70.0	70.0	70.0	70.0	70.0
523	70.0	70.0	70.0	70.0	70.0
524	70.0	70.0	70.0	70.0	70.0
525	70.0	70.0	70.0	70.0	70.0
526	70.0	70.0	70.0	70.0	70.0
527	70.0	70.0	70.0	70.0	70.0
528	70.0	70.0	70.0	70.0	70.0
529	70.0	70.0	70.0	70.0	70.0
530	70.0	70.0	70.0	70.0	70.0
531	70.0	70.0	70.0	70.0	70.0
532	70.0	70.0	70.0	70.0	70.0
533	70.0	70.0	70.0	70.0	70.0
534	70.0	70.0	70.0	70.0	70.0
535	70.0	70.0	70.0	70.0	70.0
536	70.0	70.0	70.0	70.0	70.0
537	70.0	70.0	70.0	70.0	70.0
538	70.0	70.0	70.0	70.0	70.0
539	70.0	70.0	70.0	70.0	70.0
540	70.0	70.0	70.0	70.0	70.0
541	70.0	70.0	70.0	70.0	70.0
542	70.0	70.0	70.0	70.0	70.0
543	70.0	70.0	70.0	70.0	70.0
544	70.0	70.0	70.0	70.0	70.0
545	70.0	70.0	70.0	70.0	70.0
546	70.0	70.0	70.0	70.0	70.0
547	70.0	70.0	70.0	70.0	70.0
548	70.0	70.0	70.0	70.0	70.0
549	70.0	70.0	70.0	70.0	70.0
550	70.0	70.0	70.0	70.0	70.0
551	70.0	70.0	70.0	70.0	70.0
552	70.0	70.0	70.0	70.0	70.0
553	70.0	70.0	70.0	70.0	70.0
554	70.0	70.0	70.0	70.0	70.0
555	70.0	70.0	70.0	70.0	70.0
556	70.0	70.0	70.0	70.0	70.0
557	70.0	70.0	70.0	70.0	70.0
558	70.0	70.0	70.0	70.0	70.0
559	70.0	70.0	70.0	70.0	70.0
560	70.0	70.0	70.0	70.0	70.0
561	70.0	70.0	70.0	70.0	70.0
562	70.0	70.0	70.0	70.0	70.0
563	70.0	70.0	70.0	70.0	70.0
564	70.0	70.0	70.0	70.0	70.0
565	70.0	70.0	70.0	70.0	70.0
566	70.0	70.0	70.0	70.0	70.0
567	70.0	70.0	70.0	70.0	70.0
568	70.0	70.0	70.0	70.0	70.0
569	70.0	70.0	70.0	70.0	70.0
570	70.0	70.0	70.0	70.0	70.0
571	70.0	70.0	70.0	70.0	70.0
572	70.0	70.0	70.0	70.0	70.0
573	70.0	70.0	70.0	70.0	70.0
574	70.0	70.0	70.0	70.0	70.0
575	70.0	70.0	70.0	70.0	70.0
576	70.0	70.0	70.0	70.0	70.0
577	70.0	70.0	70.0	70.0	70.0
578	70.0	70.0	70.0	70.0	70.0
579	70.0	70.0	70.0	70.0	70.0
580	70.0	70.0	70.0	70.0	70.0
581	70.0	70.0	70.0	70.0	70.0
582	70.0	70.0	70.0	70.0	70.0
583	70.0	70.0	70.0	70.0	70.0
584	70.0	70.0	70.0	70.0	70.0
585	70.0	70.0	70.0	70.0	70.0
586	70.0	70.0	70.0	70.0	70.0
587	70.0	70.0	70.0	70.0	70.0
588	70.0	70.0	70.0	70.0	70.0
589	70.0	70.0	70.0	70.0	70.0
590	70.0	70.0	70.0	70.0	70.0
591	70.0	70.0	70.0	70.0	70.0
592	70.0	70.0	70.0	70.0	70.0
593	70.0	70.0	70.0	70.0	70.0
594	70.0	70.0	70.0	70.0	70.0
595	70.0	70.0	70.0	70.0	70.0
596	70.0	70.0	70.0	70.0	70.0
597	70.0	70.0	70.0	70.0	70.0
598	70.0	70.0	70.0	70.0	70.0
599	70.0	70.0	70.0	70.0	70.0
600	70.0	70.0	70.0	70.0	70.0
601	70.0	70.0	70.0	70.0	70.0
602	70.0	70.0	70.0	70.0	70.0
603	70.0	70.0	70.0	70.0	70.0
604	70.0	70.0	70.0	70.0	70.0
605	70.0	70.0	70.0	70.0	70.0
606	70.0	70.0	70.0	70.0	70.0
607	70.0	70.0	70.0	70.0	70.0
608	70.0	70.0	70.0	70.0	70.0
609	70.0	70.0	70.0	70.0	70.0
610	70.0	70.0	70.0	70.0	70.0
611	70.0	70.0	70.0	70.0	70.0
612	70.0	70.0	70.0	70.0	70.0
613	70.0	70.0	70.0	70.0	70.0
614	70.0	70.0	70.0	70.0	70.0
615	70.0	70.0	70.0	70.0	70.0
616	70.0	70.0	70.0	70.0	70.0
617	70.0	70.0	70.0	70.0	70.0
618	70.0	70.0	70.0	70.0	70.0
619	70.0	70.0	70.0	70.0	70.0
620	70.0	70.0	70.0	70.0	70.0
621	70.0	70.0	70.0	70.0	70.0
622	70.0	70.0	70.0	70.0	70.0
623	70.0	70.0	70.0	70.0	70.0
624	70.0	70.0	70.0	70.0	70.0
625	70.0	70.0	70.0	70.0	70.0
626	70.0	70.0	70.0	70.0	70.0
627	70.0	70.0	70.0	70.0	70.0
628	70.0	70.0	70.0	70.0	70.0
629	70.0	70.0	70.0	70.0	70.0
630	70.0	70.0	70.0	70.0	70.0
631	70.0	70.0	70.0	70.0	70.0
632	70.0	70.0	70.0	70.0	70.0
633	70.0	70.0	70.0	70.0	70.0
634	70.0	70.0	70.0	70.0	70.0
635	70.0	70.0	70.0	70.0	70.0
636	70.0	70.0	70.0	70.0	70.0
637	70.0	70.0	70.0	70.0	70.0
638	70.0	70.0	70.0	70.0	70.0
639	70.0	70.0	70.0	70.0	70.0
640	70.0	70.0	70.0	70.0	70.0
641	70.0	70.0	70.0	70.0	70.0
642	70.0	70.0	70.0	70.0	70.0
643	70.0	70.0	70.0	70.0	70.0
644	70.0	70.0	70.0	70.0	70.0
645	70.0	70.0	70.0	70.0	70.0
646	70.0	70.0	70.0	70.0	70.0
647	70.0	70.0	70.0	70.0	70.0
648	70.0	70.0	70.0	70.0	70.0
649	70.0	70.0	70.0	70.0	70.0
650	70.0	70.0	70.0	70.0	70.0
651	70.0	70.0	70.0	70.0	70.0
652	70.0	70.0	70.0	70.0	70.0
653	70.0	70.0	70.0	70.0	70.0
654	70.0	70.0	70.0	70.0	70.0
655	70.0	70.0	70.0	70.0	70.0
656	70.0	70.0	70.0	70.0	70.0
657	70.0	70.0	70.0	70.0	70.0
658	70.0	70.0	70.0	70.0	70.0
659	70.0	70.0	70.0	70.0	70.0
660	70.0	70.0	70.0	70.0	70.0
661	70.0	70.0	70.0	70.0	70.0
662	70.0	70.0	70.0	70.0	70.0
663	70.0	70.0	70.0	70.0	70.0
664	70.0	70.0	70.0	70.0	70.0
665	70.0	70.0	70.0	70.0	70.0
666	70.0	70.0	70.0	70.0	70.0
667	70.0	70.0	70.0	70.0	70.0
668	70.0	70.0	70.0	70.0	70.0
669	70.0	70.0	70.0	70.0	70.0
670	70.0	70.0	70.0	70.0	70.0
671	70.0	70.0	70.0	70.0	70.0
672	70.0	70.0	70.0	70.0	70.0
673	70.0	70.0	70.0	70.0	70.0
674	70.0	70.0	70.0	70.0	70.0
675	70.0	70.0	70.0	70.0	70.0
676	70.0	70.0	70.0	70.0	70.0
677	70.0	70.0	70.0	70.0	70.0
678	70.0	70.0	70.0	70.0	70.0
679	70.0	70.0	70.0	70.0	70.0
680	70.0	70.0	70.0	70.0	70.0
681	70.0	70.0	70.0	70.0	70.0
682	70.0	70.0	70.0	70.0	70.0
683	70.0	70.0	70.0	70.0	70.0
684	70.0	70.0	70.0	70.0	70.0
685	70.0	70.0	70.0	70.0	70.0
686	70.0	70.0	70.0	70.0	70.0
687	70.0	70.0	70.0	70.0	70.0
688	70.0	70.0	70.0	70.0	70.0
689	70.0	70.0	70.0	70.0	70.0
690	70.0	70.0	70.0	70.0	70.0
691	70.0	70.0	70.0	70.0	70.0
692	70.0	70.0	70.0	70.0	70.0
693	70.0	70.0	70.0	70.0	70.0
694	70.0	70.0	70.0	70.0	70.0
695	70.0	70.0	70.0	70.0	70.0
696	70.0	70.0	70.0	70.0	70.0
697	70.0	70.0	70.0	70.0	70.0
698	70.0	70.0	70.0	70.0	70.0
699	70.0	70.0	70.0	70.0	70.0
700	70.0	70.0	70.0	70.0	70.0
701	70.0	70.0	70.0	70.0	70.0
702	70.0	70.0	70.0	70.0	70.0
703	70.0	70.0	70.0	70.0	70.0
704	70.0	70.0	70.0	70.0	70.0
705	70.0	70.0	70.0	70.0	70.0
706	70.0	70.0	70.0	70.0	70.0
707	70.0	70.0	70.0	70.0	70.0
708	70.0	70.0	70.0	70.0	70.0
709	70.0	70.0	70.0	70.0	70.0
710	70.0	70.0	70.0	70.0	70.0
711	70.0	70.0	70.0	70.0	70.0
712	70.0	70.0	70.0	70.0	70.0
713	70.0	70.0	70.0	70.0	70.0
714	70.0	70.0	70.0	70.0	70.0
715	70.0	70.0	70.0	70.0	70.0
716	70.0	70.0	70.0	70.0	70.0
717	70.0	70.0	70.0	70.0	70.0
718	70.0	70.0	70.0	70.0	70.0
719	70.0	70.0	70.0	70.0	70.0
720	70.0	70.0	70.0	70.0	70.0
721	70.0	70.0	70.0	70.0	70.0
722	70.0	70.0	70.0	70.0	70.0
723	70.0	70.0	70.0	70.0	70.0
724	70.0	70.0	70.0	70.0	70.0
725	70.0	70.0	70.0	70.0	70.0
726	70.0	70.0	70.0	70.0	70.0
727	70.0	70.0	70.0	70.0	70.0
728	70.0	70.0	70.0	70.0	70.0
729	70.0	70.0	70.0	70.0	70.0
730	70.0	70.0	70.0	70.0	70.0
731	70.0	70.0	70.0	70.0	70.0
732	70.0	70.0	70.0	70.0	70.0
733	70.0	70.0	70.0	70.0	70.0
734	70.0	70.0	70.0	70.0	70.0
735	70.0	70.0	70.0	70.0	70.0
736	70.0	70.0	70.0	70.0	70.0
737	70.0	70.0	70.0	70.0	70.0
738	70.0	70.0	70.0	70.0	70.0
739	70.0	70.0	70.0	70.0	70.0
740	70.0	70.0	70.0	70.0	70.0
741	70.0	70.0	70.0	70.0	70.0
742	70.0	70.0	70.0	70.0	70.0
743	70.0	70.0	70.0	70.0	70.0
744	70.0	70.0	70.0	70.0	70.0
745	70.0	70.0	70.0	70.0	70.0
746	70.0	70.0	70.0	70.0	70.0
747	70.0	70.0	70.0	70.0	70.0
748	70.0	70.0	70.0	70.0	70.0
749	70.0	70.0	70.0	70.0	70.0
750	70.0	70.0	70.0	70.0	70.0
751	70.0	70.0	70.0	70.0	70.0
752	70.0	70.0	70.0	70.0	70.0
753	70.0	70.0	70.0	70.0	70.0
754	70.0	70.0	70.0	70.0	70.0
755	70.0	70.0	70.0	70.0	70.0
756	70.0	70.0	70.0	70.0	70.0
757	70.0	70.0	70.0	70.0	70.0
758	70.0	70.0	70.0	70.0	70.0
759	70.0	70.0	70.0	70.0	70.0
760	70.0	70.0	70.0	70.0	70.0
761	70.0	70.0	70.0	70.0	70.0
762	70.0	70.0	70.0	70.0	70.0
763	70.0	70.0	70.0	70.0	70.0
764	70.0	70.0	70.0	70.0	70.0
765	70.0	70.0	70.0	70.0	70.0
766	70.0	70.0	70.0	70.0	70.0
767	70.0	70.0	70.0	70.0	70.0
768	70.0	70.0	70.0	70.0	70.0
769	70.0	70.0	70.0	70.0	70.0
770	70.0	70.0	70.0	70.0	70.0
