rank	FunSim	Hamaneh	ModuleSim	NetSim	Sun_topo
0	0.0	0.0	0.0	0.0	0.0
1	0.68	0.57	0.86	0.8	0.76
2	1.39	1.35	1.86	1.58	1.74
3	2.19	2.2	2.85	2.42	2.74
4	3.16	2.91	3.84	3.24	3.32
5	4.15	3.5	4.83	4.02	4.06
6	5.14	4.13	5.82	4.88	4.96
7	6.13	4.63	6.8	5.81	5.94
8	6.99	5.09	7.8	6.51	6.93
9	7.87	5.59	8.79	7.24	7.93
10	8.68	6.16	9.79	7.99	8.93
11	9.43	6.73	10.72	8.78	9.93
12	10.27	7.2	11.69	9.61	10.92
13	11.14	7.72	12.66	10.44	11.87
14	11.99	8.38	13.45	11.26	12.83
15	12.88	9.06	14.38	12.08	13.56
16	13.79	9.71	15.34	13.0	14.22
17	14.72	10.41	16.25	13.89	14.99
18	15.56	11.1	17.13	14.66	15.79
19	16.22	11.79	17.99	15.37	16.68
20	16.93	12.51	18.83	16.06	17.62
21	17.6	13.24	19.55	16.79	18.58
22	18.31	13.9	20.33	17.58	19.43
23	19.09	14.53	21.11	18.36	20.13
24	19.88	15.19	21.97	18.99	20.82
25	20.61	15.82	22.81	19.68	21.54
26	21.4	16.42	23.72	20.32	22.37
27	22.07	17.1	24.64	20.95	23.2
28	22.69	17.74	25.54	21.65	24.0
29	23.19	18.34	26.41	22.22	24.78
30	23.69	18.98	27.26	22.65	25.44
31	24.21	19.73	28.06	23.04	26.09
32	24.67	20.41	28.79	23.46	26.64
33	25.21	21.08	29.64	24.02	27.13
34	25.81	21.64	30.36	24.6	27.58
35	26.37	22.25	31.01	25.21	27.94
36	27.02	22.99	31.54	25.8	28.42
37	27.65	23.7	32.05	26.36	29.02
38	28.28	24.35	32.55	26.93	29.59
39	28.88	25.02	33.1	27.57	30.23
40	29.44	25.58	33.71	28.09	30.88
41	29.9	26.06	34.43	28.6	31.64
42	30.28	26.65	35.16	29.07	32.43
43	30.63	27.29	35.96	29.53	33.2
44	30.89	27.84	36.74	29.93	34.1
45	31.11	28.33	37.53	30.34	34.87
46	31.34	28.88	38.18	30.71	35.62
47	31.51	29.35	38.71	31.11	36.35
48	31.79	29.87	39.32	31.38	37.06
49	32.06	30.39	39.91	31.76	37.68
50	32.4	30.83	40.49	32.08	38.13
51	32.63	31.42	40.98	32.57	38.6
52	32.92	31.94	41.44	32.91	38.93
53	33.19	32.44	41.8	33.38	39.22
54	33.5	32.96	42.05	33.95	39.49
55	33.9	33.46	42.4	34.43	39.7
56	34.25	33.97	42.78	34.93	39.9
57	34.57	34.46	43.13	35.35	40.09
58	34.83	34.91	43.54	35.85	40.32
59	35.24	35.36	43.93	36.35	40.6
60	35.6	35.82	44.45	36.74	40.89
61	35.95	36.31	44.93	37.16	41.17
62	36.33	36.79	45.5	37.63	41.52
63	36.73	37.18	46.02	38.02	41.93
64	37.14	37.68	46.51	38.4	42.39
65	37.6	38.13	46.98	38.7	42.93
66	37.97	38.62	47.46	39.02	43.47
67	38.44	39.08	47.87	39.37	44.07
68	38.88	39.53	48.4	39.65	44.7
69	39.32	40.0	48.97	39.97	45.24
70	39.79	40.48	49.46	40.28	45.67
71	40.15	40.95	49.96	40.56	46.19
72	40.68	41.36	50.44	40.91	46.79
73	41.15	41.87	50.92	41.31	47.3
74	41.6	42.24	51.4	41.59	47.82
75	41.98	42.61	51.76	42.05	48.28
76	42.44	42.96	52.15	42.43	48.72
77	42.84	43.29	52.54	42.89	49.07
78	43.2	43.67	52.84	43.29	49.49
79	43.63	44.08	53.32	43.64	49.93
80	44.09	44.34	53.76	44.13	50.29
81	44.41	44.73	54.18	44.63	50.59
82	44.68	45.08	54.52	45.17	50.95
83	45.01	45.34	54.87	45.69	51.28
84	45.33	45.72	55.31	46.17	51.55
85	45.71	46.04	55.68	46.69	51.92
86	46.05	46.47	56.08	47.21	52.26
87	46.42	46.82	56.41	47.74	52.65
88	46.69	47.12	56.87	48.22	53.06
89	47.04	47.34	57.3	48.82	53.49
90	47.43	47.68	57.61	49.28	53.89
91	47.79	48.12	58.04	49.78	54.29
92	48.1	48.43	58.35	50.29	54.74
93	48.41	48.71	58.65	50.78	55.25
94	48.79	48.93	59.06	51.24	55.66
95	49.09	49.26	59.45	51.66	56.09
96	49.45	49.56	59.84	52.04	56.55
97	49.76	49.8	60.24	52.42	57.0
98	50.12	50.11	60.49	52.87	57.46
99	50.45	50.36	60.82	53.24	57.84
100	50.88	50.52	61.15	53.49	58.16
101	51.27	50.83	61.44	53.89	58.53
102	51.74	51.05	61.72	54.2	58.85
103	52.03	51.24	62.08	54.54	59.3
104	52.44	51.39	62.3	54.83	59.63
105	52.74	51.64	62.55	55.11	59.97
106	53.1	51.84	62.77	55.39	60.26
107	53.29	52.06	63.05	55.63	60.47
108	53.63	52.27	63.3	55.9	60.76
109	53.94	52.4	63.45	56.15	61.1
110	54.22	52.57	63.64	56.43	61.37
111	54.6	52.72	63.77	56.68	61.61
112	54.83	52.95	63.93	56.86	61.88
113	55.09	53.2	64.04	57.02	62.11
114	55.39	53.47	64.19	57.2	62.33
115	55.6	53.69	64.29	57.4	62.53
116	55.78	53.9	64.39	57.55	62.7
117	56.08	54.2	64.5	57.81	62.87
118	56.34	54.4	64.59	57.96	63.0
119	56.59	54.67	64.64	58.15	63.2
120	56.84	54.92	64.7	58.22	63.33
121	57.06	55.15	64.76	58.37	63.46
122	57.26	55.41	64.78	58.44	63.55
123	57.48	55.59	64.83	58.6	63.67
124	57.7	55.77	64.89	58.68	63.8
125	57.91	55.97	64.91	58.78	63.89
126	58.15	56.13	64.91	58.83	63.95
127	58.41	56.36	64.91	58.91	63.99
128	58.54	56.52	64.93	58.99	64.06
129	58.69	56.68	64.96	59.14	64.14
130	58.87	56.89	64.97	59.18	64.24
131	59.03	57.12	64.98	59.27	64.33
132	59.23	57.27	65.0	59.32	64.4
133	59.37	57.38	65.0	59.42	64.48
134	59.46	57.54	65.0	59.55	64.52
135	59.56	57.71	65.04	59.61	64.58
136	59.71	57.87	65.09	59.8	64.64
137	59.87	58.03	65.14	59.95	64.66
138	59.97	58.21	65.17	60.16	64.71
139	60.04	58.41	65.21	60.28	64.78
140	60.16	58.53	65.23	60.4	64.79
141	60.26	58.61	65.26	60.58	64.82
142	60.32	58.76	65.27	60.7	64.87
143	60.45	58.87	65.35	60.85	64.88
144	60.53	59.0	65.4	61.12	64.9
145	60.6	59.14	65.44	61.36	64.9
146	60.7	59.28	65.47	61.61	64.92
147	60.73	59.35	65.49	61.82	64.93
148	60.74	59.43	65.53	61.97	64.95
149	60.77	59.58	65.54	62.14	64.98
150	60.78	59.72	65.58	62.37	64.99
151	60.81	59.91	65.61	62.58	64.99
152	60.84	60.04	65.69	62.76	65.0
153	60.88	60.1	65.75	62.98	65.0
154	60.89	60.26	65.77	63.19	65.0
155	60.92	60.44	65.81	63.42	65.0
156	60.95	60.68	65.86	63.67	65.0
157	60.99	60.88	65.89	63.89	65.01
158	61.0	61.03	65.91	64.13	65.02
159	61.01	61.21	65.94	64.39	65.03
160	61.04	61.35	65.95	64.61	65.03
161	61.06	61.53	65.96	64.75	65.03
162	61.13	61.75	65.97	64.99	65.03
163	61.15	61.93	65.99	65.25	65.03
164	61.2	62.16	66.02	65.42	65.03
165	61.21	62.37	66.04	65.59	65.04
166	61.24	62.59	66.06	65.73	65.06
167	61.26	62.78	66.06	65.94	65.08
168	61.31	63.1	66.11	66.12	65.11
169	61.36	63.22	66.13	66.29	65.14
170	61.39	63.37	66.14	66.48	65.17
171	61.43	63.56	66.18	66.62	65.2
172	61.49	63.8	66.21	66.79	65.23
173	61.58	64.09	66.25	66.93	65.26
174	61.63	64.25	66.29	67.07	65.28
175	61.71	64.45	66.3	67.17	65.33
176	61.77	64.67	66.34	67.32	65.39
177	61.85	64.87	66.38	67.39	65.49
178	61.9	65.04	66.45	67.54	65.57
179	61.97	65.23	66.46	67.66	65.68
180	62.03	65.35	66.48	67.76	65.75
181	62.13	65.48	66.54	67.87	65.81
182	62.2	65.62	66.61	67.91	65.88
183	62.27	65.77	66.65	68.03	65.97
184	62.4	65.97	66.67	68.13	66.08
185	62.49	66.07	66.7	68.21	66.18
186	62.59	66.18	66.73	68.29	66.29
187	62.67	66.23	66.75	68.34	66.42
188	62.81	66.35	66.76	68.38	66.54
189	62.9	66.42	66.79	68.44	66.64
190	62.97	66.5	66.86	68.49	66.72
191	63.1	66.61	66.9	68.53	66.79
192	63.2	66.65	66.91	68.56	66.87
193	63.32	66.77	66.93	68.6	66.93
194	63.52	66.82	66.95	68.63	67.02
195	63.76	66.89	66.97	68.67	67.1
196	63.91	66.95	66.99	68.69	67.23
197	64.11	67.0	67.0	68.74	67.34
198	64.3	67.04	67.02	68.76	67.44
199	64.52	67.07	67.06	68.8	67.51
200	64.7	67.12	67.09	68.83	67.57
201	64.87	67.14	67.1	68.88	67.66
202	65.05	67.14	67.13	68.91	67.73
203	65.23	67.15	67.19	68.92	67.81
204	65.38	67.18	67.21	68.93	67.84
205	65.5	67.26	67.25	68.94	67.88
206	65.7	67.32	67.3	68.97	67.9
207	65.86	67.33	67.36	68.97	67.93
208	66.0	67.34	67.37	68.98	67.94
209	66.15	67.39	67.4	68.98	67.95
210	66.31	67.43	67.45	68.98	67.95
211	66.49	67.44	67.52	68.99	67.95
212	66.6	67.46	67.55	68.99	67.96
213	66.71	67.48	67.57	69.0	67.97
214	66.8	67.5	67.57	69.0	67.99
215	66.97	67.52	67.59	69.0	68.0
216	67.17	67.56	67.61	69.0	68.02
217	67.3	67.62	67.65	69.0	68.03
218	67.38	67.64	67.68	69.0	68.03
219	67.46	67.66	67.72	69.0	68.03
220	67.55	67.7	67.73	69.0	68.04
221	67.62	67.71	67.78	69.0	68.04
222	67.72	67.75	67.86	69.0	68.05
223	67.85	67.78	67.88	69.0	68.06
224	67.95	67.8	67.94	69.0	68.07
225	68.01	67.83	67.97	69.0	68.1
226	68.14	67.85	68.0	69.0	68.12
227	68.26	67.86	68.06	69.0	68.12
228	68.33	67.88	68.08	69.0	68.13
229	68.38	67.91	68.11	69.0	68.13
230	68.41	67.94	68.15	69.0	68.14
231	68.47	67.95	68.23	69.0	68.15
232	68.55	67.95	68.27	69.0	68.22
233	68.61	67.95	68.33	69.0	68.24
234	68.66	67.96	68.38	69.01	68.25
235	68.67	67.96	68.45	69.01	68.3
236	68.76	67.96	68.53	69.01	68.33
237	68.8	67.96	68.58	69.01	68.35
238	68.86	67.97	68.67	69.01	68.38
239	68.91	67.98	68.73	69.01	68.39
240	68.94	67.99	68.83	69.01	68.45
241	68.98	67.99	68.91	69.01	68.5
242	69.04	67.99	68.95	69.01	68.51
243	69.08	68.0	69.02	69.01	68.55
244	69.14	68.0	69.09	69.01	68.57
245	69.22	68.0	69.18	69.01	68.62
246	69.29	68.0	69.23	69.01	68.67
247	69.3	68.0	69.3	69.01	68.71
248	69.33	68.0	69.33	69.01	68.72
249	69.38	68.0	69.37	69.02	68.74
250	69.43	68.0	69.43	69.05	68.75
251	69.47	68.0	69.5	69.07	68.77
252	69.51	68.01	69.55	69.08	68.79
253	69.54	68.01	69.57	69.09	68.79
254	69.58	68.02	69.6	69.09	68.81
255	69.62	68.02	69.68	69.11	68.83
256	69.67	68.02	69.7	69.11	68.85
257	69.72	68.03	69.73	69.13	68.86
258	69.75	68.04	69.76	69.14	68.87
259	69.77	68.04	69.78	69.16	68.87
260	69.78	68.04	69.83	69.17	68.89
261	69.81	68.04	69.88	69.19	68.9
262	69.84	68.04	69.9	69.2	68.9
263	69.84	68.05	69.93	69.23	68.92
264	69.86	68.05	69.94	69.24	68.93
265	69.86	68.05	69.94	69.27	68.94
266	69.89	68.05	69.96	69.31	68.97
267	69.92	68.08	69.98	69.32	68.98
268	69.94	68.11	69.98	69.35	68.98
269	69.95	68.11	69.99	69.38	68.98
270	69.95	68.11	69.99	69.38	68.98
271	69.96	68.14	70.0	69.4	69.0
272	69.97	68.15	70.0	69.41	69.0
273	69.98	68.15	70.0	69.47	69.0
274	69.98	68.17	70.0	69.49	69.0
275	69.98	68.18	70.0	69.51	69.0
276	69.99	68.21	70.0	69.57	69.0
277	70.0	68.22	70.0	69.63	69.0
278	70.0	68.28	70.0	69.65	69.0
279	70.0	68.31	70.0	69.69	69.0
280	70.0	68.33	70.0	69.71	69.0
281	70.0	68.33	70.0	69.76	69.0
282	70.0	68.35	70.0	69.78	69.0
283	70.0	68.38	70.0	69.82	69.0
284	70.0	68.41	70.0	69.83	69.0
285	70.0	68.44	70.0	69.84	69.0
286	70.0	68.47	70.0	69.85	69.0
287	70.0	68.51	70.0	69.87	69.0
288	70.0	68.53	70.0	69.89	69.0
289	70.0	68.56	70.0	69.89	69.0
290	70.0	68.61	70.0	69.92	69.0
291	70.0	68.64	70.0	69.93	69.0
292	70.0	68.67	70.0	69.93	69.0
293	70.0	68.7	70.0	69.93	69.0
294	70.0	68.72	70.0	69.93	69.0
295	70.0	68.74	70.0	69.95	69.0
296	70.0	68.76	70.0	69.96	69.0
297	70.0	68.78	70.0	69.96	69.0
298	70.0	68.78	70.0	69.97	69.0
299	70.0	68.81	70.0	69.97	69.0
300	70.0	68.83	70.0	69.98	69.0
301	70.0	68.83	70.0	69.99	69.0
302	70.0	68.86	70.0	70.0	69.0
303	70.0	68.88	70.0	70.0	69.0
304	70.0	68.9	70.0	70.0	69.0
305	70.0	68.91	70.0	70.0	69.01
306	70.0	68.94	70.0	70.0	69.01
307	70.0	68.96	70.0	70.0	69.01
308	70.0	68.96	70.0	70.0	69.01
309	70.0	68.98	70.0	70.0	69.01
310	70.0	68.98	70.0	70.0	69.01
311	70.0	68.99	70.0	70.0	69.01
312	70.0	68.99	70.0	70.0	69.01
313	70.0	68.99	70.0	70.0	69.01
314	70.0	69.0	70.0	70.0	69.01
315	70.0	69.0	70.0	70.0	69.01
316	70.0	69.01	70.0	70.0	69.02
317	70.0	69.01	70.0	70.0	69.02
318	70.0	69.01	70.0	70.0	69.02
319	70.0	69.01	70.0	70.0	69.02
320	70.0	69.01	70.0	70.0	69.02
321	70.0	69.01	70.0	70.0	69.02
322	70.0	69.01	70.0	70.0	69.02
323	70.0	69.01	70.0	70.0	69.03
324	70.0	69.01	70.0	70.0	69.06
325	70.0	69.01	70.0	70.0	69.06
326	70.0	69.01	70.0	70.0	69.06
327	70.0	69.01	70.0	70.0	69.09
328	70.0	69.01	70.0	70.0	69.09
329	70.0	69.01	70.0	70.0	69.09
330	70.0	69.01	70.0	70.0	69.1
331	70.0	69.01	70.0	70.0	69.11
332	70.0	69.02	70.0	70.0	69.12
333	70.0	69.02	70.0	70.0	69.15
334	70.0	69.02	70.0	70.0	69.19
335	70.0	69.02	70.0	70.0	69.21
336	70.0	69.02	70.0	70.0	69.27
337	70.0	69.03	70.0	70.0	69.28
338	70.0	69.04	70.0	70.0	69.32
339	70.0	69.05	70.0	70.0	69.34
340	70.0	69.05	70.0	70.0	69.36
341	70.0	69.07	70.0	70.0	69.4
342	70.0	69.07	70.0	70.0	69.41
343	70.0	69.08	70.0	70.0	69.44
344	70.0	69.11	70.0	70.0	69.45
345	70.0	69.13	70.0	70.0	69.48
346	70.0	69.15	70.0	70.0	69.51
347	70.0	69.17	70.0	70.0	69.55
348	70.0	69.21	70.0	70.0	69.55
349	70.0	69.21	70.0	70.0	69.58
350	70.0	69.24	70.0	70.0	69.61
351	70.0	69.26	70.0	70.0	69.64
352	70.0	69.27	70.0	70.0	69.67
353	70.0	69.29	70.0	70.0	69.71
354	70.0	69.35	70.0	70.0	69.72
355	70.0	69.39	70.0	70.0	69.74
356	70.0	69.44	70.0	70.0	69.74
357	70.0	69.45	70.0	70.0	69.76
358	70.0	69.49	70.0	70.0	69.82
359	70.0	69.51	70.0	70.0	69.83
360	70.0	69.51	70.0	70.0	69.83
361	70.0	69.53	70.0	70.0	69.86
362	70.0	69.59	70.0	70.0	69.88
363	70.0	69.59	70.0	70.0	69.89
364	70.0	69.63	70.0	70.0	69.9
365	70.0	69.67	70.0	70.0	69.9
366	70.0	69.68	70.0	70.0	69.9
367	70.0	69.72	70.0	70.0	69.92
368	70.0	69.73	70.0	70.0	69.92
369	70.0	69.75	70.0	70.0	69.92
370	70.0	69.79	70.0	70.0	69.92
371	70.0	69.82	70.0	70.0	69.94
372	70.0	69.84	70.0	70.0	69.94
373	70.0	69.86	70.0	70.0	69.94
374	70.0	69.87	70.0	70.0	69.97
375	70.0	69.88	70.0	70.0	69.98
376	70.0	69.88	70.0	70.0	69.98
377	70.0	69.89	70.0	70.0	69.98
378	70.0	69.9	70.0	70.0	69.99
379	70.0	69.91	70.0	70.0	69.99
380	70.0	69.94	70.0	70.0	69.99
381	70.0	69.94	70.0	70.0	69.99
382	70.0	69.94	70.0	70.0	69.99
383	70.0	69.94	70.0	70.0	69.99
384	70.0	69.96	70.0	70.0	69.99
385	70.0	69.96	70.0	70.0	69.99
386	70.0	69.96	70.0	70.0	70.0
387	70.0	69.97	70.0	70.0	70.0
388	70.0	69.98	70.0	70.0	70.0
389	70.0	69.99	70.0	70.0	70.0
390	70.0	69.99	70.0	70.0	70.0
391	70.0	69.99	70.0	70.0	70.0
392	70.0	70.0	70.0	70.0	70.0
393	70.0	70.0	70.0	70.0	70.0
394	70.0	70.0	70.0	70.0	70.0
395	70.0	70.0	70.0	70.0	70.0
396	70.0	70.0	70.0	70.0	70.0
397	70.0	70.0	70.0	70.0	70.0
398	70.0	70.0	70.0	70.0	70.0
399	70.0	70.0	70.0	70.0	70.0
400	70.0	70.0	70.0	70.0	70.0
401	70.0	70.0	70.0	70.0	70.0
402	70.0	70.0	70.0	70.0	70.0
403	70.0	70.0	70.0	70.0	70.0
404	70.0	70.0	70.0	70.0	70.0
405	70.0	70.0	70.0	70.0	70.0
406	70.0	70.0	70.0	70.0	70.0
407	70.0	70.0	70.0	70.0	70.0
408	70.0	70.0	70.0	70.0	70.0
409	70.0	70.0	70.0	70.0	70.0
410	70.0	70.0	70.0	70.0	70.0
411	70.0	70.0	70.0	70.0	70.0
412	70.0	70.0	70.0	70.0	70.0
413	70.0	70.0	70.0	70.0	70.0
414	70.0	70.0	70.0	70.0	70.0
415	70.0	70.0	70.0	70.0	70.0
416	70.0	70.0	70.0	70.0	70.0
417	70.0	70.0	70.0	70.0	70.0
418	70.0	70.0	70.0	70.0	70.0
419	70.0	70.0	70.0	70.0	70.0
420	70.0	70.0	70.0	70.0	70.0
421	70.0	70.0	70.0	70.0	70.0
422	70.0	70.0	70.0	70.0	70.0
423	70.0	70.0	70.0	70.0	70.0
424	70.0	70.0	70.0	70.0	70.0
425	70.0	70.0	70.0	70.0	70.0
426	70.0	70.0	70.0	70.0	70.0
427	70.0	70.0	70.0	70.0	70.0
428	70.0	70.0	70.0	70.0	70.0
429	70.0	70.0	70.0	70.0	70.0
430	70.0	70.0	70.0	70.0	70.0
431	70.0	70.0	70.0	70.0	70.0
432	70.0	70.0	70.0	70.0	70.0
433	70.0	70.0	70.0	70.0	70.0
434	70.0	70.0	70.0	70.0	70.0
435	70.0	70.0	70.0	70.0	70.0
436	70.0	70.0	70.0	70.0	70.0
437	70.0	70.0	70.0	70.0	70.0
438	70.0	70.0	70.0	70.0	70.0
439	70.0	70.0	70.0	70.0	70.0
440	70.0	70.0	70.0	70.0	70.0
441	70.0	70.0	70.0	70.0	70.0
442	70.0	70.0	70.0	70.0	70.0
443	70.0	70.0	70.0	70.0	70.0
444	70.0	70.0	70.0	70.0	70.0
445	70.0	70.0	70.0	70.0	70.0
446	70.0	70.0	70.0	70.0	70.0
447	70.0	70.0	70.0	70.0	70.0
448	70.0	70.0	70.0	70.0	70.0
449	70.0	70.0	70.0	70.0	70.0
450	70.0	70.0	70.0	70.0	70.0
451	70.0	70.0	70.0	70.0	70.0
452	70.0	70.0	70.0	70.0	70.0
453	70.0	70.0	70.0	70.0	70.0
454	70.0	70.0	70.0	70.0	70.0
455	70.0	70.0	70.0	70.0	70.0
456	70.0	70.0	70.0	70.0	70.0
457	70.0	70.0	70.0	70.0	70.0
458	70.0	70.0	70.0	70.0	70.0
459	70.0	70.0	70.0	70.0	70.0
460	70.0	70.0	70.0	70.0	70.0
461	70.0	70.0	70.0	70.0	70.0
462	70.0	70.0	70.0	70.0	70.0
463	70.0	70.0	70.0	70.0	70.0
464	70.0	70.0	70.0	70.0	70.0
465	70.0	70.0	70.0	70.0	70.0
466	70.0	70.0	70.0	70.0	70.0
467	70.0	70.0	70.0	70.0	70.0
468	70.0	70.0	70.0	70.0	70.0
469	70.0	70.0	70.0	70.0	70.0
470	70.0	70.0	70.0	70.0	70.0
471	70.0	70.0	70.0	70.0	70.0
472	70.0	70.0	70.0	70.0	70.0
473	70.0	70.0	70.0	70.0	70.0
474	70.0	70.0	70.0	70.0	70.0
475	70.0	70.0	70.0	70.0	70.0
476	70.0	70.0	70.0	70.0	70.0
477	70.0	70.0	70.0	70.0	70.0
478	70.0	70.0	70.0	70.0	70.0
479	70.0	70.0	70.0	70.0	70.0
480	70.0	70.0	70.0	70.0	70.0
481	70.0	70.0	70.0	70.0	70.0
482	70.0	70.0	70.0	70.0	70.0
483	70.0	70.0	70.0	70.0	70.0
484	70.0	70.0	70.0	70.0	70.0
485	70.0	70.0	70.0	70.0	70.0
486	70.0	70.0	70.0	70.0	70.0
487	70.0	70.0	70.0	70.0	70.0
488	70.0	70.0	70.0	70.0	70.0
489	70.0	70.0	70.0	70.0	70.0
490	70.0	70.0	70.0	70.0	70.0
491	70.0	70.0	70.0	70.0	70.0
492	70.0	70.0	70.0	70.0	70.0
493	70.0	70.0	70.0	70.0	70.0
494	70.0	70.0	70.0	70.0	70.0
495	70.0	70.0	70.0	70.0	70.0
496	70.0	70.0	70.0	70.0	70.0
497	70.0	70.0	70.0	70.0	70.0
498	70.0	70.0	70.0	70.0	70.0
499	70.0	70.0	70.0	70.0	70.0
500	70.0	70.0	70.0	70.0	70.0
501	70.0	70.0	70.0	70.0	70.0
502	70.0	70.0	70.0	70.0	70.0
503	70.0	70.0	70.0	70.0	70.0
504	70.0	70.0	70.0	70.0	70.0
505	70.0	70.0	70.0	70.0	70.0
506	70.0	70.0	70.0	70.0	70.0
507	70.0	70.0	70.0	70.0	70.0
508	70.0	70.0	70.0	70.0	70.0
509	70.0	70.0	70.0	70.0	70.0
510	70.0	70.0	70.0	70.0	70.0
511	70.0	70.0	70.0	70.0	70.0
512	70.0	70.0	70.0	70.0	70.0
513	70.0	70.0	70.0	70.0	70.0
514	70.0	70.0	70.0	70.0	70.0
515	70.0	70.0	70.0	70.0	70.0
516	70.0	70.0	70.0	70.0	70.0
517	70.0	70.0	70.0	70.0	70.0
518	70.0	70.0	70.0	70.0	70.0
519	70.0	70.0	70.0	70.0	70.0
520	70.0	70.0	70.0	70.0	70.0
521	70.0	70.0	70.0	70.0	70.0
522	70.0	70.0	70.0	70.0	70.0
523	70.0	70.0	70.0	70.0	70.0
524	70.0	70.0	70.0	70.0	70.0
525	70.0	70.0	70.0	70.0	70.0
526	70.0	70.0	70.0	70.0	70.0
527	70.0	70.0	70.0	70.0	70.0
528	70.0	70.0	70.0	70.0	70.0
529	70.0	70.0	70.0	70.0	70.0
530	70.0	70.0	70.0	70.0	70.0
531	70.0	70.0	70.0	70.0	70.0
532	70.0	70.0	70.0	70.0	70.0
533	70.0	70.0	70.0	70.0	70.0
534	70.0	70.0	70.0	70.0	70.0
535	70.0	70.0	70.0	70.0	70.0
536	70.0	70.0	70.0	70.0	70.0
537	70.0	70.0	70.0	70.0	70.0
538	70.0	70.0	70.0	70.0	70.0
539	70.0	70.0	70.0	70.0	70.0
540	70.0	70.0	70.0	70.0	70.0
541	70.0	70.0	70.0	70.0	70.0
542	70.0	70.0	70.0	70.0	70.0
543	70.0	70.0	70.0	70.0	70.0
544	70.0	70.0	70.0	70.0	70.0
545	70.0	70.0	70.0	70.0	70.0
546	70.0	70.0	70.0	70.0	70.0
547	70.0	70.0	70.0	70.0	70.0
548	70.0	70.0	70.0	70.0	70.0
549	70.0	70.0	70.0	70.0	70.0
550	70.0	70.0	70.0	70.0	70.0
551	70.0	70.0	70.0	70.0	70.0
552	70.0	70.0	70.0	70.0	70.0
553	70.0	70.0	70.0	70.0	70.0
554	70.0	70.0	70.0	70.0	70.0
555	70.0	70.0	70.0	70.0	70.0
556	70.0	70.0	70.0	70.0	70.0
557	70.0	70.0	70.0	70.0	70.0
558	70.0	70.0	70.0	70.0	70.0
559	70.0	70.0	70.0	70.0	70.0
560	70.0	70.0	70.0	70.0	70.0
561	70.0	70.0	70.0	70.0	70.0
562	70.0	70.0	70.0	70.0	70.0
563	70.0	70.0	70.0	70.0	70.0
564	70.0	70.0	70.0	70.0	70.0
565	70.0	70.0	70.0	70.0	70.0
566	70.0	70.0	70.0	70.0	70.0
567	70.0	70.0	70.0	70.0	70.0
568	70.0	70.0	70.0	70.0	70.0
569	70.0	70.0	70.0	70.0	70.0
570	70.0	70.0	70.0	70.0	70.0
571	70.0	70.0	70.0	70.0	70.0
572	70.0	70.0	70.0	70.0	70.0
573	70.0	70.0	70.0	70.0	70.0
574	70.0	70.0	70.0	70.0	70.0
575	70.0	70.0	70.0	70.0	70.0
576	70.0	70.0	70.0	70.0	70.0
577	70.0	70.0	70.0	70.0	70.0
578	70.0	70.0	70.0	70.0	70.0
579	70.0	70.0	70.0	70.0	70.0
580	70.0	70.0	70.0	70.0	70.0
581	70.0	70.0	70.0	70.0	70.0
582	70.0	70.0	70.0	70.0	70.0
583	70.0	70.0	70.0	70.0	70.0
584	70.0	70.0	70.0	70.0	70.0
585	70.0	70.0	70.0	70.0	70.0
586	70.0	70.0	70.0	70.0	70.0
587	70.0	70.0	70.0	70.0	70.0
588	70.0	70.0	70.0	70.0	70.0
589	70.0	70.0	70.0	70.0	70.0
590	70.0	70.0	70.0	70.0	70.0
591	70.0	70.0	70.0	70.0	70.0
592	70.0	70.0	70.0	70.0	70.0
593	70.0	70.0	70.0	70.0	70.0
594	70.0	70.0	70.0	70.0	70.0
595	70.0	70.0	70.0	70.0	70.0
596	70.0	70.0	70.0	70.0	70.0
597	70.0	70.0	70.0	70.0	70.0
598	70.0	70.0	70.0	70.0	70.0
599	70.0	70.0	70.0	70.0	70.0
600	70.0	70.0	70.0	70.0	70.0
601	70.0	70.0	70.0	70.0	70.0
602	70.0	70.0	70.0	70.0	70.0
603	70.0	70.0	70.0	70.0	70.0
604	70.0	70.0	70.0	70.0	70.0
605	70.0	70.0	70.0	70.0	70.0
606	70.0	70.0	70.0	70.0	70.0
607	70.0	70.0	70.0	70.0	70.0
608	70.0	70.0	70.0	70.0	70.0
609	70.0	70.0	70.0	70.0	70.0
610	70.0	70.0	70.0	70.0	70.0
611	70.0	70.0	70.0	70.0	70.0
612	70.0	70.0	70.0	70.0	70.0
613	70.0	70.0	70.0	70.0	70.0
614	70.0	70.0	70.0	70.0	70.0
615	70.0	70.0	70.0	70.0	70.0
616	70.0	70.0	70.0	70.0	70.0
617	70.0	70.0	70.0	70.0	70.0
618	70.0	70.0	70.0	70.0	70.0
619	70.0	70.0	70.0	70.0	70.0
620	70.0	70.0	70.0	70.0	70.0
621	70.0	70.0	70.0	70.0	70.0
622	70.0	70.0	70.0	70.0	70.0
623	70.0	70.0	70.0	70.0	70.0
624	70.0	70.0	70.0	70.0	70.0
625	70.0	70.0	70.0	70.0	70.0
626	70.0	70.0	70.0	70.0	70.0
627	70.0	70.0	70.0	70.0	70.0
628	70.0	70.0	70.0	70.0	70.0
629	70.0	70.0	70.0	70.0	70.0
630	70.0	70.0	70.0	70.0	70.0
631	70.0	70.0	70.0	70.0	70.0
632	70.0	70.0	70.0	70.0	70.0
633	70.0	70.0	70.0	70.0	70.0
634	70.0	70.0	70.0	70.0	70.0
635	70.0	70.0	70.0	70.0	70.0
636	70.0	70.0	70.0	70.0	70.0
637	70.0	70.0	70.0	70.0	70.0
638	70.0	70.0	70.0	70.0	70.0
639	70.0	70.0	70.0	70.0	70.0
640	70.0	70.0	70.0	70.0	70.0
641	70.0	70.0	70.0	70.0	70.0
642	70.0	70.0	70.0	70.0	70.0
643	70.0	70.0	70.0	70.0	70.0
644	70.0	70.0	70.0	70.0	70.0
645	70.0	70.0	70.0	70.0	70.0
646	70.0	70.0	70.0	70.0	70.0
647	70.0	70.0	70.0	70.0	70.0
648	70.0	70.0	70.0	70.0	70.0
649	70.0	70.0	70.0	70.0	70.0
650	70.0	70.0	70.0	70.0	70.0
651	70.0	70.0	70.0	70.0	70.0
652	70.0	70.0	70.0	70.0	70.0
653	70.0	70.0	70.0	70.0	70.0
654	70.0	70.0	70.0	70.0	70.0
655	70.0	70.0	70.0	70.0	70.0
656	70.0	70.0	70.0	70.0	70.0
657	70.0	70.0	70.0	70.0	70.0
658	70.0	70.0	70.0	70.0	70.0
659	70.0	70.0	70.0	70.0	70.0
660	70.0	70.0	70.0	70.0	70.0
661	70.0	70.0	70.0	70.0	70.0
662	70.0	70.0	70.0	70.0	70.0
663	70.0	70.0	70.0	70.0	70.0
664	70.0	70.0	70.0	70.0	70.0
665	70.0	70.0	70.0	70.0	70.0
666	70.0	70.0	70.0	70.0	70.0
667	70.0	70.0	70.0	70.0	70.0
668	70.0	70.0	70.0	70.0	70.0
669	70.0	70.0	70.0	70.0	70.0
670	70.0	70.0	70.0	70.0	70.0
671	70.0	70.0	70.0	70.0	70.0
672	70.0	70.0	70.0	70.0	70.0
673	70.0	70.0	70.0	70.0	70.0
674	70.0	70.0	70.0	70.0	70.0
675	70.0	70.0	70.0	70.0	70.0
676	70.0	70.0	70.0	70.0	70.0
677	70.0	70.0	70.0	70.0	70.0
678	70.0	70.0	70.0	70.0	70.0
679	70.0	70.0	70.0	70.0	70.0
680	70.0	70.0	70.0	70.0	70.0
681	70.0	70.0	70.0	70.0	70.0
682	70.0	70.0	70.0	70.0	70.0
683	70.0	70.0	70.0	70.0	70.0
684	70.0	70.0	70.0	70.0	70.0
685	70.0	70.0	70.0	70.0	70.0
686	70.0	70.0	70.0	70.0	70.0
687	70.0	70.0	70.0	70.0	70.0
688	70.0	70.0	70.0	70.0	70.0
689	70.0	70.0	70.0	70.0	70.0
690	70.0	70.0	70.0	70.0	70.0
691	70.0	70.0	70.0	70.0	70.0
692	70.0	70.0	70.0	70.0	70.0
693	70.0	70.0	70.0	70.0	70.0
694	70.0	70.0	70.0	70.0	70.0
695	70.0	70.0	70.0	70.0	70.0
696	70.0	70.0	70.0	70.0	70.0
697	70.0	70.0	70.0	70.0	70.0
698	70.0	70.0	70.0	70.0	70.0
699	70.0	70.0	70.0	70.0	70.0
700	70.0	70.0	70.0	70.0	70.0
701	70.0	70.0	70.0	70.0	70.0
702	70.0	70.0	70.0	70.0	70.0
703	70.0	70.0	70.0	70.0	70.0
704	70.0	70.0	70.0	70.0	70.0
705	70.0	70.0	70.0	70.0	70.0
706	70.0	70.0	70.0	70.0	70.0
707	70.0	70.0	70.0	70.0	70.0
708	70.0	70.0	70.0	70.0	70.0
709	70.0	70.0	70.0	70.0	70.0
710	70.0	70.0	70.0	70.0	70.0
711	70.0	70.0	70.0	70.0	70.0
712	70.0	70.0	70.0	70.0	70.0
713	70.0	70.0	70.0	70.0	70.0
714	70.0	70.0	70.0	70.0	70.0
715	70.0	70.0	70.0	70.0	70.0
716	70.0	70.0	70.0	70.0	70.0
717	70.0	70.0	70.0	70.0	70.0
718	70.0	70.0	70.0	70.0	70.0
719	70.0	70.0	70.0	70.0	70.0
720	70.0	70.0	70.0	70.0	70.0
721	70.0	70.0	70.0	70.0	70.0
722	70.0	70.0	70.0	70.0	70.0
723	70.0	70.0	70.0	70.0	70.0
724	70.0	70.0	70.0	70.0	70.0
725	70.0	70.0	70.0	70.0	70.0
726	70.0	70.0	70.0	70.0	70.0
727	70.0	70.0	70.0	70.0	70.0
728	70.0	70.0	70.0	70.0	70.0
729	70.0	70.0	70.0	70.0	70.0
730	70.0	70.0	70.0	70.0	70.0
731	70.0	70.0	70.0	70.0	70.0
732	70.0	70.0	70.0	70.0	70.0
733	70.0	70.0	70.0	70.0	70.0
734	70.0	70.0	70.0	70.0	70.0
735	70.0	70.0	70.0	70.0	70.0
736	70.0	70.0	70.0	70.0	70.0
737	70.0	70.0	70.0	70.0	70.0
738	70.0	70.0	70.0	70.0	70.0
739	70.0	70.0	70.0	70.0	70.0
740	70.0	70.0	70.0	70.0	70.0
741	70.0	70.0	70.0	70.0	70.0
742	70.0	70.0	70.0	70.0	70.0
743	70.0	70.0	70.0	70.0	70.0
744	70.0	70.0	70.0	70.0	70.0
745	70.0	70.0	70.0	70.0	70.0
746	70.0	70.0	70.0	70.0	70.0
747	70.0	70.0	70.0	70.0	70.0
748	70.0	70.0	70.0	70.0	70.0
749	70.0	70.0	70.0	70.0	70.0
750	70.0	70.0	70.0	70.0	70.0
751	70.0	70.0	70.0	70.0	70.0
752	70.0	70.0	70.0	70.0	70.0
753	70.0	70.0	70.0	70.0	70.0
754	70.0	70.0	70.0	70.0	70.0
755	70.0	70.0	70.0	70.0	70.0
756	70.0	70.0	70.0	70.0	70.0
757	70.0	70.0	70.0	70.0	70.0
758	70.0	70.0	70.0	70.0	70.0
759	70.0	70.0	70.0	70.0	70.0
760	70.0	70.0	70.0	70.0	70.0
761	70.0	70.0	70.0	70.0	70.0
762	70.0	70.0	70.0	70.0	70.0
763	70.0	70.0	70.0	70.0	70.0
764	70.0	70.0	70.0	70.0	70.0
765	70.0	70.0	70.0	70.0	70.0
766	70.0	70.0	70.0	70.0	70.0
767	70.0	70.0	70.0	70.0	70.0
768	70.0	70.0	70.0	70.0	70.0
769	70.0	70.0	70.0	70.0	70.0
770	70.0	70.0	70.0	70.0	70.0
