trial	FunSim	Hamaneh	ModuleSim	NetSim	Sun_topo
1	0.9433265306122445	0.9432448979591832	0.9630816326530615	0.953714285714285	0.9597857142857127
2	0.9425306122448974	0.9322040816326526	0.9671224489795922	0.9504489795918358	0.9572653061224473
3	0.9313265306122447	0.9273877551020403	0.9544489795918368	0.9407551020408152	0.9505204081632636
4	0.9404081632653056	0.9392244897959179	0.9644489795918371	0.9508979591836726	0.9578673469387738
5	0.9367959183673464	0.9260408163265299	0.9622857142857145	0.948877551020407	0.9540204081632632
6	0.9449183673469382	0.9423061224489792	0.9641224489795922	0.9573673469387748	0.9581428571428555
7	0.9383265306122444	0.9259387755102035	0.9596122448979596	0.945469387755101	0.9499387755102024
8	0.9449999999999995	0.9356530612244894	0.9664081632653063	0.954530612244897	0.9547142857142841
9	0.9455918367346932	0.9400204081632646	0.9666734693877553	0.9528367346938766	0.9582244897959166
10	0.9386938775510199	0.9306938775510201	0.9663877551020411	0.9476938775510196	0.9609489795918351
11	0.9296530612244894	0.9281836734693875	0.9620612244897963	0.9387551020408155	0.9539795918367331
12	0.9391020408163262	0.9344897959183668	0.9625510204081638	0.9465714285714276	0.9587040816326514
13	0.943836734693877	0.9336734693877541	0.9668367346938779	0.9552653061224478	0.9562857142857126
14	0.9407959183673467	0.9402244897959179	0.9648571428571433	0.9530204081632643	0.9597857142857128
15	0.9414285714285708	0.9421224489795913	0.9633877551020411	0.9553061224489788	0.9618163265306106
16	0.9333061224489789	0.9324693877551014	0.9598979591836737	0.9459591836734682	0.9511326530612226
17	0.9378775510204077	0.9307551020408159	0.9615510204081635	0.9460408163265296	0.9539999999999984
18	0.9409387755102037	0.9267142857142852	0.9658571428571432	0.9474081632653051	0.9573775510204063
19	0.9384897959183667	0.9286530612244892	0.9609183673469391	0.9500816326530602	0.9513775510204064
20	0.93904081632653	0.932183673469387	0.9664285714285719	0.9440612244897949	0.9578673469387736
21	0.9454897959183668	0.9346326530612239	0.964183673469388	0.9524285714285704	0.9539081632653043
22	0.9300816326530605	0.9210408163265298	0.9586734693877553	0.9376530612244888	0.9441428571428554
23	0.9415510204081626	0.9325306122448973	0.9656326530612248	0.9496938775510193	0.9569693877550999
24	0.933775510204081	0.9235714285714282	0.9582244897959186	0.943530612244897	0.9531632653061208
25	0.9424897959183668	0.9358163265306116	0.9623673469387758	0.9514081632653053	0.9545204081632638
26	0.9361020408163263	0.940857142857142	0.96365306122449	0.9529591836734683	0.9589489795918347
27	0.9425510204081629	0.9373877551020399	0.9669387755102044	0.9531632653061216	0.9567346938775492
28	0.9379795918367342	0.9348571428571424	0.9653673469387757	0.9507551020408156	0.9578163265306104
29	0.9413673469387749	0.9284285714285707	0.9661428571428576	0.9494081632653053	0.9597755102040798
30	0.9325306122448973	0.9316122448979588	0.9608775510204084	0.9427346938775503	0.9538469387755084
31	0.9422448979591831	0.9291836734693872	0.9661224489795921	0.9486122448979584	0.9578775510204064
32	0.9399183673469382	0.9373265306122446	0.9663469387755106	0.9518367346938768	0.9575510204081614
33	0.9456530612244893	0.939551020408163	0.9689183673469391	0.953979591836734	0.9573877551020391
34	0.9493877551020404	0.9424489795918365	0.9666122448979597	0.9576326530612235	0.9594081632653044
35	0.9416326530612238	0.9408367346938764	0.9604897959183676	0.9539795918367335	0.9531632653061204
36	0.9357959183673468	0.9388979591836729	0.9607346938775514	0.9481224489795909	0.9580408163265289
37	0.9337142857142853	0.923999999999999	0.9575102040816331	0.9481020408163255	0.948479591836733
38	0.9387755102040809	0.9381020408163258	0.9602040816326533	0.9520612244897949	0.9548673469387738
39	0.947428571428571	0.9444081632653054	0.9658775510204085	0.9564897959183664	0.9562346938775493
40	0.9480408163265304	0.9381836734693874	0.9682448979591839	0.9538571428571421	0.9619285714285697
41	0.93969387755102	0.9395510204081627	0.9699387755102044	0.9523061224489788	0.9596224489795903
42	0.9449183673469383	0.9430408163265303	0.9644489795918371	0.9540816326530602	0.9548469387755085
43	0.9455918367346932	0.9353265306122442	0.9647142857142861	0.9537346938775502	0.956418367346937
44	0.9451836734693873	0.9333469387755098	0.9633673469387758	0.9504081632653052	0.9563469387755087
45	0.9385102040816319	0.9378571428571417	0.9602244897959187	0.9512040816326519	0.9538265306122433
46	0.9446122448979588	0.9331632653061221	0.9656122448979595	0.9529795918367339	0.9572959183673451
47	0.9476122448979588	0.9464693877551017	0.966979591836735	0.9588775510204073	0.9617959183673453
48	0.9379387755102035	0.9272653061224481	0.9652040816326531	0.9433469387755092	0.9560408163265287
49	0.9449387755102038	0.9382040816326528	0.9672653061224492	0.9528571428571421	0.9595816326530594
50	0.9327959183673464	0.930979591836734	0.9623265306122449	0.9429183673469377	0.9577244897959162
51	0.925163265306122	0.9251224489795914	0.9579183673469392	0.9348775510204073	0.9506938775510185
52	0.9424489795918363	0.926428571428571	0.9632653061224493	0.9514081632653053	0.9517551020408147
53	0.9480408163265303	0.9463673469387752	0.9672244897959186	0.9592244897959177	0.961846938775509
54	0.9357142857142855	0.9279183673469383	0.9622653061224494	0.9464081632653052	0.9532244897959169
55	0.9452448979591831	0.9316530612244889	0.963979591836735	0.9491632653061215	0.9545102040816308
56	0.9399999999999995	0.9294081632653057	0.9620816326530616	0.9482653061224481	0.957806122448978
57	0.9398163265306118	0.9386530612244894	0.9599183673469392	0.9504285714285705	0.9512244897959166
58	0.9387551020408158	0.9426530612244884	0.9656938775510203	0.9533673469387745	0.9559795918367328
59	0.9408979591836728	0.9508163265306118	0.9622244897959188	0.9535918367346932	0.9573571428571412
60	0.9342857142857137	0.9257959183673463	0.9613469387755105	0.9420612244897951	0.9554387755102024
61	0.9445510204081626	0.9364693877551014	0.9672653061224492	0.954122448979591	0.9595510204081615
62	0.9407959183673464	0.936510204081632	0.9631632653061228	0.9508163265306112	0.9584795918367329
63	0.9427755102040811	0.9382448979591834	0.9707755102040819	0.9532857142857134	0.9624693877551004
64	0.9381020408163259	0.9321428571428562	0.9613469387755107	0.9474489795918357	0.9530306122448962
65	0.934755102040816	0.9204693877551012	0.9566938775510206	0.9399591836734684	0.9463979591836714
66	0.9335918367346935	0.929142857142856	0.9608163265306129	0.9453061224489786	0.9528775510204062
67	0.9413877551020404	0.9377346938775505	0.9648979591836736	0.9499183673469378	0.9586326530612227
68	0.9368163265306115	0.9328775510204077	0.9617551020408166	0.9471020408163257	0.9535408163265288
69	0.9348571428571424	0.9411632653061222	0.960979591836735	0.9455102040816319	0.9528265306122433
70	0.94669387755102	0.935224489795918	0.9623877551020411	0.9547346938775502	0.9519999999999983
71	0.94004081632653	0.931163265306122	0.9681428571428575	0.9481224489795909	0.9587755102040795
72	0.9342448979591831	0.9299591836734683	0.9594285714285719	0.9453877551020397	0.9482040816326515
73	0.9439183673469382	0.9401836734693871	0.9660000000000002	0.9541836734693868	0.9593673469387739
74	0.9371224489795914	0.9369183673469381	0.9581224489795922	0.9484285714285704	0.9560408163265288
75	0.936163265306122	0.9296122448979589	0.9641020408163268	0.9459795918367337	0.9538877551020392
76	0.9338775510204076	0.9319795918367338	0.9542857142857147	0.9475714285714275	0.9411326530612226
77	0.9283877551020403	0.9294693877551008	0.9588163265306128	0.9384489795918358	0.9528469387755082
78	0.9398571428571425	0.9317142857142848	0.9600816326530617	0.9472857142857134	0.9539591836734675
79	0.9389591836734689	0.9411224489795912	0.9649591836734698	0.9509183673469379	0.9563265306122432
80	0.9374897959183668	0.9285102040816317	0.964714285714286	0.9493877551020397	0.9552448979591813
81	0.94704081632653	0.9411632653061219	0.9667959183673474	0.9558367346938765	0.9584489795918351
82	0.9453877551020402	0.9442448979591833	0.9690612244897963	0.9508163265306113	0.9618163265306109
83	0.9417755102040811	0.9433265306122445	0.9665510204081638	0.9548367346938768	0.9595816326530596
84	0.938163265306122	0.9413673469387749	0.9635918367346942	0.9532857142857134	0.9576122448979574
85	0.9370816326530605	0.9344489795918364	0.9601428571428572	0.9456122448979581	0.9517346938775493
86	0.9393061224489792	0.9273061224489787	0.9603877551020413	0.9500612244897947	0.9536938775510184
87	0.9451632653061218	0.9363469387755099	0.9667551020408167	0.9543877551020398	0.960979591836733
88	0.9398367346938767	0.9365714285714282	0.966387755102041	0.9506326530612235	0.9607959183673453
89	0.9311020408163262	0.9306122448979582	0.9618979591836738	0.939265306122448	0.9547857142857124
90	0.9362857142857138	0.9312857142857138	0.9629387755102045	0.9452040816326522	0.9525612244897941
91	0.9427346938775505	0.9351020408163263	0.9644285714285716	0.951183673469387	0.9563673469387739
92	0.9451224489795914	0.9421836734693875	0.9678571428571429	0.956244897959183	0.9583469387755087
93	0.9380612244897955	0.9370816326530608	0.9581836734693882	0.9482040816326521	0.9482448979591821
94	0.9396530612244891	0.9370612244897951	0.9643265306122454	0.9525918367346928	0.959234693877549
95	0.9461428571428567	0.9455102040816322	0.966326530612245	0.957653061224489	0.9547755102040801
96	0.9399999999999995	0.9354285714285712	0.964510204081633	0.9479183673469379	0.9588979591836719
97	0.9424081632653054	0.9334081632653056	0.9646734693877554	0.9545102040816318	0.9516938775510189
98	0.9353469387755096	0.9240204081632648	0.9602653061224494	0.9424081632653051	0.9540510204081616
99	0.9374897959183667	0.9377551020408154	0.9613265306122453	0.9474285714285703	0.9532653061224472
100	0.9382040816326525	0.9283673469387751	0.9615102040816329	0.9494285714285706	0.9575306122448962
