disease	dgnum	dgingraph	lccnum	lccratio	zscore	pvalue
DOID:3030	28	26	7	0.2692307692307692	7.09565334458	0.0010998900109989002
DOID:8886	13	13	7	0.5384615384615384	14.4291948544	9.999000099990002e-05
DOID:12236	104	100	37	0.37	7.94135091703	9.999000099990002e-05
DOID:3008	92	90	59	0.6555555555555556	16.3983598234	9.999000099990002e-05
DOID:326	106	104	57	0.5480769230769231	12.1553569352	9.999000099990002e-05
DOID:5679	149	145	34	0.23448275862068965	3.14153393788	0.012598740125987402
DOID:4247	72	72	26	0.3611111111111111	9.50323357953	9.999000099990002e-05
DOID:3312	363	342	195	0.5701754385964912	4.90863388158	9.999000099990002e-05
DOID:4990	23	21	4	0.19047619047619047	4.07425894873	0.013098690130986902
DOID:8501	12	12	2	0.16666666666666666	2.39067985295	0.11608839116088392
DOID:1577	18	16	2	0.125	1.58550887673	0.18908109189081093
DOID:5517	562	549	452	0.8233151183970856	9.38667475573	9.999000099990002e-05
DOID:1678	12	12	2	0.16666666666666666	2.39067985295	0.11608839116088392
DOID:8947	106	104	52	0.5	10.9617830021	9.999000099990002e-05
DOID:1100	12	12	3	0.25	5.12695071588	0.0091990800919908
DOID:2945	43	43	3	0.06976744186046512	0.618206850185	0.2592740725927407
DOID:9261	129	123	83	0.6747967479674797	13.1204329572	9.999000099990002e-05
DOID:4926	10	10	5	0.5	12.7768973394	9.999000099990002e-05
DOID:8857	52	51	13	0.2549019607843137	7.0045188707	0.000999900009999
DOID:11870	18	16	13	0.8125	23.8823608891	9.999000099990002e-05
DOID:4905	266	264	203	0.7689393939393939	8.44347066711	9.999000099990002e-05
DOID:7147	95	91	44	0.4835164835164835	11.7837639884	9.999000099990002e-05
DOID:3095	54	52	6	0.11538461538461539	2.21658265212	0.0504949505049495
DOID:3869	40	40	18	0.45	13.8967917932	9.999000099990002e-05
DOID:13636	40	40	33	0.825	27.0152233161	9.999000099990002e-05
DOID:4193	31	31	6	0.1935483870967742	4.91192633753	0.0058994100589941
DOID:4903	96	94	61	0.648936170212766	15.7198280524	9.999000099990002e-05
DOID:5327	17	17	4	0.23529411764705882	5.23002697254	0.005499450054994501
DOID:3973	24	24	7	0.2916666666666667	7.60158360794	0.0008999100089991
DOID:5223	65	62	12	0.1935483870967742	4.58428344757	0.007899210078992101
DOID:3275	22	22	4	0.18181818181818182	3.95054907119	0.0124987501249875
DOID:2583	10	10	6	0.6	16.0443953163	9.999000099990002e-05
DOID:4929	96	94	61	0.648936170212766	15.7198280524	9.999000099990002e-05
DOID:0050548	10	10	7	0.7	19.3118932933	9.999000099990002e-05
DOID:2055	15	15	2	0.13333333333333333	1.75187302171	0.1787821217878212
DOID:13207	14	14	2	0.14285714285714285	1.97560916537	0.1498850114988501
DOID:12849	473	442	234	0.5294117647058824	4.01170360751	9.999000099990002e-05
DOID:986	39	37	6	0.16216216216216217	3.80360433009	0.013798620137986202
DOID:552	74	74	9	0.12162162162162163	2.12945923759	0.0532946705329467
DOID:14221	515	506	408	0.8063241106719368	9.01151703022	9.999000099990002e-05
DOID:12678	17	16	2	0.125	1.58550887673	0.18908109189081093
DOID:10223	28	27	3	0.1111111111111111	1.763523688	0.096990300969903
DOID:1273	219	218	157	0.7201834862385321	8.68983860711	9.999000099990002e-05
DOID:14320	12	12	4	0.3333333333333333	7.86322157882	0.0011998800119988001
DOID:4248	70	69	24	0.34782608695652173	9.29991044719	9.999000099990002e-05
DOID:0014667	56	56	12	0.21428571428571427	5.49516800321	0.003999600039996
DOID:10322	23	21	2	0.09523809523809523	0.973605258677	0.30456954304569545
DOID:7474	17	17	2	0.11764705882352941	1.41930383323	0.22177782221777823
DOID:11119	56	55	18	0.32727272727272727	9.376671646	0.00019998000199980003
DOID:1123	18	18	3	0.16666666666666666	3.1234422991	0.0313968603139686
DOID:13375	43	43	9	0.20930232558139536	5.44104016329	0.003999600039996
DOID:10487	29	27	5	0.18518518518518517	4.25842881356	0.0082991700829917
DOID:12401	10	10	3	0.3	6.24190138542	0.005499450054994501
DOID:6713	84	83	51	0.6144578313253012	15.7363259017	9.999000099990002e-05
DOID:2891	176	174	138	0.7931034482758621	11.9670785568	9.999000099990002e-05
DOID:9279	40	38	4	0.10526315789473684	1.89859475185	0.0670932906709329
DOID:1206	15	15	2	0.13333333333333333	1.75187302171	0.1787821217878212
DOID:37	212	211	114	0.5402843601895735	6.35036195208	9.999000099990002e-05
DOID:2921	54	54	13	0.24074074074074073	6.55151056273	0.0016998300169983002
DOID:12365	98	93	20	0.21505376344086022	4.32857922141	0.006099390060993901
DOID:4029	80	77	35	0.45454545454545453	11.7852137921	9.999000099990002e-05
DOID:0050589	215	186	98	0.5268817204301075	6.93148747627	9.999000099990002e-05
DOID:288	33	31	6	0.1935483870967742	4.91192633753	0.0058994100589941
DOID:1474	47	47	9	0.19148936170212766	4.88557427932	0.006099390060993901
DOID:480	37	36	9	0.25	6.78590280109	0.0014998500149985001
DOID:12466	148	138	22	0.15942028985507245	1.75306298151	0.07839216078392161
DOID:10871	40	39	8	0.20512820512820512	5.26813805646	0.0053994600539946005
DOID:1588	71	70	13	0.18571428571428572	4.10046312191	0.0100989901009899
DOID:11394	43	43	5	0.11627906976744186	2.22581795455	0.05269473052694731
DOID:699	15	15	2	0.13333333333333333	1.75187302171	0.1787821217878212
DOID:3042	68	68	4	0.058823529411764705	0.264193054208	0.32596740325967405
DOID:4724	10	10	1	0.1	-0.293094568535	1.0
DOID:630	87	83	44	0.5301204819277109	13.3703270592	9.999000099990002e-05
DOID:3371	20	20	6	0.3	7.68811463868	0.0008999100089991
DOID:0050572	65	54	4	0.07407407407407407	0.823664293513	0.18538146185381463
DOID:11729	13	13	3	0.23076923076923078	4.56695617599	0.013398660133986601
DOID:576	96	96	33	0.34375	7.53943911505	0.00029997000299970003
DOID:4552	48	48	31	0.6458333333333334	20.3969651416	9.999000099990002e-05
DOID:3910	94	93	68	0.7311827956989247	18.3171204338	9.999000099990002e-05
DOID:446	12	12	4	0.3333333333333333	7.86322157882	0.0011998800119988001
DOID:12987	16	16	2	0.125	1.58550887673	0.18908109189081093
DOID:5411	76	74	40	0.5405405405405406	14.8728352395	9.999000099990002e-05
DOID:12716	27	26	3	0.11538461538461539	1.89841956781	0.07949205079492051
DOID:1935	19	18	12	0.6666666666666666	19.4291155542	9.999000099990002e-05
DOID:3429	12	12	6	0.5	13.3357633047	9.999000099990002e-05
DOID:643	36	36	29	0.8055555555555556	25.9993541116	9.999000099990002e-05
DOID:676	113	109	24	0.22018348623853212	3.84157211269	0.007699230076992301
DOID:865	50	49	11	0.22448979591836735	5.75756230864	0.0030996900309969004
DOID:4752	35	34	15	0.4411764705882353	13.5703255936	9.999000099990002e-05
DOID:13641	25	25	3	0.12	2.0298339655	0.07329267073292671
DOID:423	69	66	30	0.45454545454545453	12.5766735249	9.999000099990002e-05
DOID:0050486	22	21	7	0.3333333333333333	8.72523948381	0.00039996000399960006
DOID:4471	191	175	131	0.7485714285714286	11.243393038	9.999000099990002e-05
DOID:9477	41	40	16	0.4	12.1476675902	9.999000099990002e-05
DOID:5603	32	32	8	0.25	6.93159648333	0.0013998600139986002
DOID:2988	35	35	11	0.3142857142857143	9.02161853719	0.00029997000299970003
DOID:0060040	58	55	4	0.07272727272727272	0.744693118928	0.20617938206179381
DOID:14452	10	10	4	0.4	9.50939936239	0.00039996000399960006
DOID:8991	46	45	27	0.6	19.3854701383	9.999000099990002e-05
DOID:11724	34	34	18	0.5294117647058824	16.66388837	9.999000099990002e-05
DOID:1602	17	16	4	0.25	5.63948196989	0.004899510048995101
DOID:3021	62	60	18	0.3	8.27817832924	0.0004999500049995
DOID:14330	378	336	231	0.6875	6.61472684686	9.999000099990002e-05
DOID:13533	14	14	2	0.14285714285714285	1.97560916537	0.1498850114988501
DOID:13250	39	39	4	0.10256410256410256	1.72248046024	0.07899210078992101
DOID:4989	80	79	12	0.1518987341772152	2.95461855378	0.026097390260973904
DOID:8712	24	24	8	0.3333333333333333	8.97509900399	0.0004999500049995
DOID:4481	94	93	21	0.22580645161290322	4.62000716333	0.004899510048995101
DOID:4676	43	42	13	0.30952380952380953	9.04278611315	0.00039996000399960006
DOID:905	15	15	14	0.9333333333333333	28.0332535199	9.999000099990002e-05
DOID:0050564	24	20	6	0.3	7.68811463868	0.0008999100089991
DOID:2671	118	117	87	0.7435897435897436	15.6445961893	9.999000099990002e-05
DOID:3192	16	16	7	0.4375	11.7204416096	9.999000099990002e-05
DOID:5672	732	697	539	0.7733142037302726	8.38035264638	9.999000099990002e-05
DOID:1542	321	313	231	0.7380191693290735	7.46033838417	9.999000099990002e-05
DOID:6000	199	197	109	0.5532994923857868	7.14156617782	9.999000099990002e-05
DOID:9973	247	234	105	0.44871794871794873	4.42681933996	9.999000099990002e-05
DOID:0050685	76	74	40	0.5405405405405406	14.8728352395	9.999000099990002e-05
DOID:289	213	211	149	0.7061611374407583	8.83333312916	9.999000099990002e-05
DOID:216	15	14	2	0.14285714285714285	1.97560916537	0.1498850114988501
DOID:2043	171	168	115	0.6845238095238095	10.5095737304	9.999000099990002e-05
DOID:1824	68	68	25	0.36764705882352944	10.0907147304	9.999000099990002e-05
DOID:4398	54	40	11	0.275	7.77485708257	0.000999900009999
DOID:8506	28	28	5	0.17857142857142858	4.14140594634	0.010498950104989501
DOID:3376	73	73	55	0.7534246575342466	20.8575405473	9.999000099990002e-05
DOID:1089	114	109	36	0.3302752293577982	6.48980593005	0.00019998000199980003
DOID:4961	24	24	2	0.08333333333333333	0.734006627653	0.3688631136886311
DOID:2527	23	23	4	0.17391304347826086	3.66032480077	0.017798220177982202
DOID:1969	42	42	13	0.30952380952380953	9.04278611315	0.00039996000399960006
DOID:891	12	12	3	0.25	5.12695071588	0.0091990800919908
DOID:3968	13	13	7	0.5384615384615384	14.4291948544	9.999000099990002e-05
DOID:0050565	35	29	3	0.10344827586206896	1.60547097345	0.10738926107389261
DOID:2862	17	15	3	0.2	3.94198806322	0.018998100189981004
DOID:3247	32	32	18	0.5625	18.0292533571	9.999000099990002e-05
DOID:3454	40	40	17	0.425	13.0222296917	9.999000099990002e-05
DOID:4606	16	16	2	0.125	1.58550887673	0.18908109189081093
DOID:341	92	88	38	0.4318181818181818	10.3123751104	9.999000099990002e-05
DOID:9256	589	560	416	0.7428571428571429	7.86279579127	9.999000099990002e-05
DOID:1441	48	40	12	0.3	8.64941918409	0.00029997000299970003
DOID:9164	11	10	3	0.3	6.24190138542	0.005499450054994501
DOID:4866	56	54	14	0.25925925925925924	7.18793792597	0.0008999100089991
DOID:1993	78	78	56	0.717948717948718	19.2730276784	9.999000099990002e-05
DOID:11335	106	100	39	0.39	8.44945917028	9.999000099990002e-05
DOID:8850	51	49	17	0.3469387755102041	9.82914859561	0.00019998000199980003
DOID:988	16	15	3	0.2	3.94198806322	0.018998100189981004
DOID:12206	103	100	62	0.62	14.2927040826	9.999000099990002e-05
DOID:4621	15	12	3	0.25	5.12695071588	0.0091990800919908
DOID:12177	33	33	6	0.18181818181818182	4.51817885275	0.007999200079992
DOID:9667	25	25	6	0.24	6.08517619811	0.0024997500249975004
DOID:3385	33	33	8	0.24242424242424243	6.67174360621	0.0006999300069993001
DOID:12252	20	19	2	0.10526315789473684	1.25166812738	0.25107489251074894
DOID:934	82	81	32	0.3950617283950617	9.94920555246	9.999000099990002e-05
DOID:11963	47	46	6	0.13043478260869565	2.73534753265	0.0342965703429657
DOID:8955	10	10	1	0.1	-0.293094568535	1.0
DOID:2048	46	46	5	0.10869565217391304	1.98230614606	0.06469353064693531
DOID:417	244	236	134	0.5677966101694916	6.06848934071	9.999000099990002e-05
DOID:1389	12	12	1	0.08333333333333333	-0.345591009989	1.0
DOID:2355	77	75	11	0.14666666666666667	2.80162059215	0.030796920307969204
DOID:900	94	93	57	0.6129032258064516	15.1114130726	9.999000099990002e-05
DOID:8628	16	14	2	0.14285714285714285	1.97560916537	0.1498850114988501
DOID:2797	71	71	24	0.3380281690140845	8.91025439854	9.999000099990002e-05
DOID:3829	45	44	19	0.4318181818181818	13.6765510117	9.999000099990002e-05
DOID:6364	147	140	55	0.39285714285714285	6.27168831636	9.999000099990002e-05
DOID:225	459	441	273	0.6190476190476191	5.51091970697	9.999000099990002e-05
DOID:332	191	180	110	0.6111111111111112	8.64699730681	9.999000099990002e-05
DOID:13097	43	43	8	0.18604651162790697	4.6372346111	0.0082991700829917
DOID:9970	827	773	551	0.7128072445019404	6.79779443536	9.999000099990002e-05
DOID:2871	215	206	167	0.8106796116504854	10.6314540413	9.999000099990002e-05
DOID:3905	753	730	614	0.8410958904109589	9.88376631889	9.999000099990002e-05
DOID:1727	22	22	6	0.2727272727272727	6.99587500774	0.0008999100089991
DOID:8593	90	86	50	0.5813953488372093	14.7581253756	9.999000099990002e-05
DOID:0050424	46	43	17	0.3953488372093023	11.8714845808	9.999000099990002e-05
DOID:3172	22	22	7	0.3181818181818182	8.51853797602	0.00039996000399960006
DOID:13938	18	18	2	0.1111111111111111	1.3117008263	0.23527647235276472
DOID:3883	52	51	34	0.6666666666666666	21.1261259946	9.999000099990002e-05
DOID:6039	29	28	15	0.5357142857142857	16.3637113009	9.999000099990002e-05
DOID:4897	22	22	5	0.22727272727272727	5.47321203947	0.0033996600339966003
DOID:1287	767	736	598	0.8125	9.31001063821	9.999000099990002e-05
DOID:12134	27	27	11	0.4074074074074074	11.7431441902	9.999000099990002e-05
DOID:2321	27	27	2	0.07407407407407407	0.516071125222	0.44915508449155084
DOID:9840	12	12	5	0.4166666666666667	10.5994924418	0.00019998000199980003
DOID:9675	46	46	10	0.21739130434782608	5.74751307901	0.0028997100289971
DOID:2394	733	669	562	0.8400597907324364	9.84671059035	9.999000099990002e-05
DOID:3181	29	28	13	0.4642857142857143	13.91925023	9.999000099990002e-05
DOID:2769	10	10	3	0.3	6.24190138542	0.005499450054994501
DOID:1612	1465	1402	1298	0.9258202567760342	12.0482610999	9.999000099990002e-05
DOID:14040	10	10	3	0.3	6.24190138542	0.005499450054994501
DOID:13809	36	35	10	0.2857142857142857	8.0314940215	0.00039996000399960006
DOID:9080	150	147	122	0.8299319727891157	14.4400213883	9.999000099990002e-05
DOID:705	31	30	3	0.1	1.52555526737	0.11398860113988601
DOID:2739	18	16	4	0.25	5.63948196989	0.004899510048995101
DOID:3602	35	35	3	0.08571428571428572	1.10062241164	0.16518348165183483
DOID:9952	409	387	251	0.648578811369509	6.0176618951	9.999000099990002e-05
DOID:10652	1311	1224	1055	0.8619281045751634	10.1630515169	9.999000099990002e-05
DOID:1657	16	16	4	0.25	5.63948196989	0.004899510048995101
DOID:10966	19	19	5	0.2631578947368421	6.56209717865	0.0021997800219978004
DOID:3683	759	736	615	0.8355978260869565	9.87329602163	9.999000099990002e-05
DOID:3393	425	401	278	0.6932668329177057	6.67269457848	9.999000099990002e-05
DOID:7725	13	13	2	0.15384615384615385	2.1013965064	0.1316868313168683
DOID:12129	180	174	122	0.7011494252873564	10.3991087765	9.999000099990002e-05
DOID:12783	44	40	4	0.1	1.65292237188	0.08749125087491251
DOID:13976	16	16	2	0.125	1.58550887673	0.18908109189081093
DOID:10908	13	11	2	0.18181818181818182	2.58337085941	0.10318968103189681
DOID:2237	59	59	14	0.23728813559322035	6.34134338336	0.0015998400159984002
DOID:2481	26	25	3	0.12	2.0298339655	0.07329267073292671
DOID:161	13	13	4	0.3076923076923077	7.03251584559	0.0025997400259974
DOID:1040	419	394	322	0.817258883248731	8.75296857922	9.999000099990002e-05
DOID:686	17	16	4	0.25	5.63948196989	0.004899510048995101
DOID:10762	17	17	4	0.23529411764705882	5.23002697254	0.005499450054994501
DOID:5419	842	774	591	0.7635658914728682	7.94095233697	9.999000099990002e-05
DOID:870	24	22	2	0.09090909090909091	0.90522313464	0.33356664333566644
DOID:9169	10	10	8	0.8	22.5793912703	9.999000099990002e-05
DOID:8566	11	11	4	0.36363636363636365	8.39980868316	0.0007999200079992001
DOID:1825	26	22	2	0.09090909090909091	0.90522313464	0.33356664333566644
DOID:9563	23	23	6	0.2608695652173913	6.51973016033	0.0014998500149985001
DOID:3044	22	21	5	0.23809523809523808	5.62458579376	0.0033996600339966003
DOID:3113	77	77	52	0.6753246753246753	18.2483023038	9.999000099990002e-05
DOID:1790	26	26	5	0.19230769230769232	4.49703645619	0.008999100089991
DOID:10825	73	66	8	0.12121212121212122	2.18432908705	0.05349465053494651
DOID:11123	36	36	4	0.1111111111111111	1.98253997347	0.06329367063293671
DOID:150	58	57	10	0.17543859649122806	4.1304822615	0.012098790120987902
DOID:3093	11	11	3	0.2727272727272727	5.49158977128	0.007899210078992101
DOID:13608	22	22	5	0.22727272727272727	5.47321203947	0.0033996600339966003
DOID:2745	19	19	3	0.15789473684210525	3.02181114447	0.0321967803219678
DOID:4468	37	36	13	0.3611111111111111	10.6285930632	9.999000099990002e-05
DOID:17	127	127	66	0.5196850393700787	9.92336217596	9.999000099990002e-05
DOID:3565	306	293	209	0.7133105802047781	7.23533903525	9.999000099990002e-05
DOID:12400	10	10	3	0.3	6.24190138542	0.005499450054994501
DOID:319	13	13	3	0.23076923076923078	4.56695617599	0.013398660133986601
DOID:7148	691	659	517	0.7845220030349014	8.64640932064	9.999000099990002e-05
DOID:8986	220	195	73	0.37435897435897436	4.23743054407	0.00029997000299970003
DOID:0050451	14	14	4	0.2857142857142857	6.71612305949	0.0018998100189981002
DOID:3493	12	11	4	0.36363636363636365	8.39980868316	0.0007999200079992001
DOID:8538	397	393	315	0.8015267175572519	8.38922921993	9.999000099990002e-05
DOID:526	689	640	484	0.75625	7.93780797946	9.999000099990002e-05
DOID:14791	38	37	3	0.08108108108108109	0.963892762943	0.18968103189681032
DOID:14749	12	12	2	0.16666666666666666	2.39067985295	0.11608839116088392
DOID:0080001	33	33	5	0.15151515151515152	3.44139647602	0.019598040195980403
DOID:10941	74	66	27	0.4090909090909091	11.159535647	9.999000099990002e-05
DOID:3355	10	10	2	0.2	2.97440340844	0.08409159084091591
DOID:13564	18	18	6	0.3333333333333333	8.55866671748	0.00029997000299970003
DOID:3121	49	49	24	0.4897959183673469	14.5793325971	9.999000099990002e-05
DOID:4235	14	14	3	0.21428571428571427	4.34586611243	0.014498550144985502
DOID:11476	607	588	462	0.7857142857142857	8.82062826763	9.999000099990002e-05
DOID:8689	56	54	6	0.1111111111111111	2.09651902	0.054394560543945605
DOID:11840	10	10	1	0.1	-0.293094568535	1.0
DOID:3328	57	57	5	0.08771929824561403	1.22369802703	0.12438756124387561
DOID:5041	596	565	457	0.8088495575221238	9.22042071433	9.999000099990002e-05
DOID:3049	17	17	4	0.23529411764705882	5.23002697254	0.005499450054994501
DOID:3620	25	24	6	0.25	6.22806821188	0.0025997400259974
DOID:303	186	173	46	0.2658959537572254	2.96937195847	0.0115988401159884
DOID:0001816	16	16	13	0.8125	23.8823608891	9.999000099990002e-05
DOID:9620	23	22	5	0.22727272727272727	5.47321203947	0.0033996600339966003
DOID:10316	26	26	7	0.2692307692307692	7.09565334458	0.0010998900109989002
DOID:3407	128	126	55	0.4365079365079365	7.996072135	9.999000099990002e-05
DOID:12132	61	59	16	0.2711864406779661	7.48950307472	0.0007999200079992001
DOID:1558	15	14	3	0.21428571428571427	4.34586611243	0.014498550144985502
DOID:1614	25	25	15	0.6	18.251202896	9.999000099990002e-05
DOID:1107	562	534	422	0.7902621722846442	8.75114000457	9.999000099990002e-05
DOID:231	30	30	8	0.26666666666666666	7.3212974882	0.0008999100089991
DOID:987	35	31	7	0.22580645161290322	6.05591085847	0.0028997100289971
DOID:0050127	45	44	5	0.11363636363636363	2.24287825032	0.04889511048895111
DOID:14203	10	10	1	0.1	-0.293094568535	1.0
DOID:178	100	100	52	0.52	11.7521628164	9.999000099990002e-05
DOID:4947	62	62	29	0.46774193548387094	13.3814048293	9.999000099990002e-05
DOID:234	28	28	2	0.07142857142857142	0.474714339971	0.46805319468053197
DOID:3963	206	204	170	0.8333333333333334	11.0069690472	9.999000099990002e-05
DOID:12449	45	45	13	0.28888888888888886	8.39058756562	0.00029997000299970003
DOID:3007	70	70	48	0.6857142857142857	19.394665757	9.999000099990002e-05
DOID:9884	26	26	5	0.19230769230769232	4.49703645619	0.008999100089991
DOID:8584	31	31	15	0.4838709677419355	15.2077870259	9.999000099990002e-05
DOID:10283	1157	1106	959	0.8670886075949367	10.4315577062	9.999000099990002e-05
DOID:1417	11	10	2	0.2	2.97440340844	0.08409159084091591
DOID:8923	21	19	7	0.3684210526315789	10.1023832128	0.00029997000299970003
DOID:12785	61	61	9	0.14754098360655737	3.1619913302	0.023497650234976502
DOID:2571	10	10	5	0.5	12.7768973394	9.999000099990002e-05
DOID:9415	36	36	4	0.1111111111111111	1.98253997347	0.06329367063293671
DOID:13372	27	27	2	0.07407407407407407	0.516071125222	0.44915508449155084
DOID:594	69	64	4	0.0625	0.378300711864	0.2960703929607039
DOID:14219	10	10	7	0.7	19.3118932933	9.999000099990002e-05
DOID:13197	12	10	2	0.2	2.97440340844	0.08409159084091591
DOID:655	27	25	4	0.16	3.3816147097	0.019598040195980403
DOID:1742	71	68	18	0.2647058823529412	6.81520750498	0.000999900009999
DOID:204	20	20	4	0.2	4.39351429213	0.009999000099990002
DOID:850	110	105	25	0.23809523809523808	4.37611045169	0.0053994600539946005
DOID:700	22	20	1	0.05	-0.548386227682	1.0
DOID:399	126	120	47	0.39166666666666666	7.29539403488	9.999000099990002e-05
DOID:4074	52	51	32	0.6274509803921569	19.7812110304	9.999000099990002e-05
DOID:3861	40	40	18	0.45	13.8967917932	9.999000099990002e-05
DOID:10907	23	22	5	0.22727272727272727	5.47321203947	0.0033996600339966003
DOID:11077	23	21	4	0.19047619047619047	4.07425894873	0.013098690130986902
DOID:2738	17	17	3	0.17647058823529413	3.32466540289	0.026297370262973702
DOID:593	11	11	1	0.09090909090909091	-0.324848052456	1.0
DOID:1024	55	50	18	0.36	10.5805753945	9.999000099990002e-05
DOID:3068	171	170	133	0.7823529411764706	11.9823270262	9.999000099990002e-05
DOID:0002116	14	14	6	0.42857142857142855	11.4566369536	0.00019998000199980003
DOID:10320	10	10	2	0.2	2.97440340844	0.08409159084091591
DOID:8719	23	23	18	0.782608695652174	23.6761623177	9.999000099990002e-05
DOID:12205	19	19	5	0.2631578947368421	6.56209717865	0.0021997800219978004
DOID:8970	27	26	6	0.23076923076923078	5.79634490039	0.0031996800319968005
DOID:345	14	14	3	0.21428571428571427	4.34586611243	0.014498550144985502
DOID:8619	15	14	4	0.2857142857142857	6.71612305949	0.0018998100189981002
DOID:11132	68	64	24	0.375	10.455570607	9.999000099990002e-05
DOID:1508	19	18	5	0.2777777777777778	6.74692524468	0.0017998200179982
DOID:83	45	44	10	0.22727272727272727	6.32633280794	0.0025997400259974
DOID:10588	32	31	3	0.0967741935483871	1.47997277473	0.11898810118988101
DOID:2800	39	39	10	0.2564102564102564	7.04096685457	0.0015998400159984002
DOID:3526	97	97	48	0.4948453608247423	11.5029586556	9.999000099990002e-05
DOID:10646	11	11	2	0.18181818181818182	2.58337085941	0.10318968103189681
DOID:1485	119	115	34	0.2956521739130435	5.4787835303	0.00039996000399960006
DOID:9562	19	17	2	0.11764705882352941	1.41930383323	0.22177782221777823
DOID:8534	26	25	3	0.12	2.0298339655	0.07329267073292671
DOID:2986	167	167	46	0.2754491017964072	3.32080934789	0.005499450054994501
DOID:13593	16	16	2	0.125	1.58550887673	0.18908109189081093
DOID:11723	21	20	4	0.2	4.39351429213	0.009999000099990002
DOID:2234	11	11	1	0.09090909090909091	-0.324848052456	1.0
DOID:12894	72	71	26	0.36619718309859156	9.78466601763	9.999000099990002e-05
DOID:11836	39	37	7	0.1891891891891892	4.75017485248	0.0065993400659934
DOID:14784	39	32	4	0.125	2.49253373384	0.041195880411958805
DOID:3459	125	123	91	0.7398373983739838	14.5232939676	9.999000099990002e-05
DOID:1037	395	373	243	0.6514745308310992	6.11159208853	9.999000099990002e-05
DOID:11465	13	13	4	0.3076923076923077	7.03251584559	0.0025997400259974
DOID:2044	153	149	65	0.436241610738255	6.94862265483	9.999000099990002e-05
DOID:2297	36	33	14	0.42424242424242425	13.1324378666	9.999000099990002e-05
DOID:13378	76	71	10	0.14084507042253522	2.7893730649	0.032096790320967905
DOID:229	10	10	1	0.1	-0.293094568535	1.0
DOID:631	22	22	3	0.13636363636363635	2.42788610292	0.055194480551944806
DOID:3488	17	17	3	0.17647058823529413	3.32466540289	0.026297370262973702
DOID:1712	23	22	4	0.18181818181818182	3.95054907119	0.0124987501249875
DOID:1063	13	13	3	0.23076923076923078	4.56695617599	0.013398660133986601
DOID:10325	21	20	4	0.2	4.39351429213	0.009999000099990002
DOID:9854	34	33	9	0.2727272727272727	7.74852598294	0.00039996000399960006
DOID:10459	21	21	3	0.14285714285714285	2.5239321037	0.05019498050194981
DOID:11914	10	10	4	0.4	9.50939936239	0.00039996000399960006
DOID:0060041	48	45	4	0.08888888888888889	1.32244876887	0.11958804119588042
DOID:5408	18	16	3	0.1875	3.61249542331	0.022797720227977204
DOID:936	47	47	15	0.3191489361702128	9.3340826147	9.999000099990002e-05
DOID:1019	18	18	4	0.2222222222222222	4.93518377189	0.007699230076992301
DOID:9655	16	15	7	0.4666666666666667	12.7024482293	9.999000099990002e-05
DOID:9007	61	60	14	0.23333333333333334	6.06777584887	0.0023997600239976003
DOID:14018	49	49	8	0.16326530612244897	3.72176916515	0.016298370162983702
DOID:11885	11	11	4	0.36363636363636365	8.39980868316	0.0007999200079992001
DOID:811	28	25	3	0.12	2.0298339655	0.07329267073292671
DOID:3627	10	10	3	0.3	6.24190138542	0.005499450054994501
DOID:2773	13	13	2	0.15384615384615385	2.1013965064	0.1316868313168683
DOID:14261	17	15	4	0.26666666666666666	6.13210310474	0.0022997700229977
DOID:12842	17	17	2	0.11764705882352941	1.41930383323	0.22177782221777823
DOID:9538	271	269	220	0.8178438661710037	8.96229854394	9.999000099990002e-05
DOID:783	1046	997	827	0.8294884653961886	9.49273004236	9.999000099990002e-05
DOID:13099	12	11	2	0.18181818181818182	2.58337085941	0.10318968103189681
DOID:9893	31	31	5	0.16129032258064516	3.7679418166	0.013898610138986101
DOID:1407	20	20	5	0.25	6.04081446541	0.0025997400259974
DOID:10763	896	851	599	0.7038777908343126	6.32338320746	9.999000099990002e-05
DOID:3265	13	12	5	0.4166666666666667	10.5994924418	0.00019998000199980003
DOID:9246	85	80	14	0.175	3.58063859839	0.015798420157984203
DOID:8469	28	28	2	0.07142857142857142	0.474714339971	0.46805319468053197
DOID:8557	23	23	4	0.17391304347826086	3.66032480077	0.017798220177982202
DOID:11830	60	42	16	0.38095238095238093	11.5494026081	9.999000099990002e-05
DOID:2972	12	12	4	0.3333333333333333	7.86322157882	0.0011998800119988001
DOID:0050524	2625	2470	2217	0.8975708502024291	9.5477471772	9.999000099990002e-05
DOID:6204	29	29	13	0.4482758620689655	13.4802562801	9.999000099990002e-05
DOID:1882	22	21	4	0.19047619047619047	4.07425894873	0.013098690130986902
DOID:13515	18	18	11	0.6111111111111112	17.6173740814	9.999000099990002e-05
DOID:2913	28	28	5	0.17857142857142858	4.14140594634	0.010498950104989501
DOID:114	117	115	36	0.3130434782608696	5.88611288834	0.00019998000199980003
DOID:2598	92	89	47	0.5280898876404494	12.7275276076	9.999000099990002e-05
DOID:1339	13	12	11	0.9166666666666666	27.0171176194	9.999000099990002e-05
DOID:3070	333	326	271	0.8312883435582822	8.58542315097	9.999000099990002e-05
DOID:4766	571	556	482	0.8669064748201439	10.3164567746	9.999000099990002e-05
DOID:77	52	51	5	0.09803921568627451	1.62485901397	0.0847915208479152
DOID:10155	25	25	13	0.52	15.5476414075	9.999000099990002e-05
DOID:8677	27	27	6	0.2222222222222222	5.50588137634	0.0028997100289971
DOID:2213	23	22	9	0.4090909090909091	11.5638639126	9.999000099990002e-05
DOID:1067	95	93	55	0.5913978494623656	14.5285571888	9.999000099990002e-05
DOID:3744	83	82	53	0.6463414634146342	17.1801030477	9.999000099990002e-05
DOID:2452	366	351	226	0.6438746438746439	5.99280185952	9.999000099990002e-05
DOID:3525	22	22	3	0.13636363636363635	2.42788610292	0.055194480551944806
DOID:11265	40	40	4	0.1	1.65292237188	0.08749125087491251
DOID:8466	47	44	7	0.1590909090909091	3.87626007337	0.0143985601439856
DOID:12377	19	18	6	0.3333333333333333	8.55866671748	0.00029997000299970003
DOID:13774	39	38	11	0.2894736842105263	8.51028733576	9.999000099990002e-05
DOID:824	136	134	77	0.5746268656716418	10.6911695534	9.999000099990002e-05
DOID:6132	19	19	2	0.10526315789473684	1.25166812738	0.25107489251074894
DOID:50	54	53	16	0.3018867924528302	8.51889880887	0.00029997000299970003
DOID:8869	12	12	5	0.4166666666666667	10.5994924418	0.00019998000199980003
DOID:6432	87	87	28	0.3218390804597701	7.25298248773	0.00029997000299970003
DOID:4195	95	94	32	0.3404255319148936	7.54313776635	0.00019998000199980003
DOID:11396	16	16	4	0.25	5.63948196989	0.004899510048995101
DOID:2860	10	10	1	0.1	-0.293094568535	1.0
DOID:2914	25	24	5	0.20833333333333334	4.85455281582	0.0066993300669933005
DOID:635	935	903	722	0.7995570321151716	8.64129294964	9.999000099990002e-05
DOID:1229	21	21	2	0.09523809523809523	0.973605258677	0.30456954304569545
DOID:9111	20	19	5	0.2631578947368421	6.56209717865	0.0021997800219978004
DOID:8499	12	11	2	0.18181818181818182	2.58337085941	0.10318968103189681
DOID:10629	23	22	3	0.13636363636363635	2.42788610292	0.055194480551944806
DOID:2531	113	110	60	0.5454545454545454	11.4777391735	9.999000099990002e-05
DOID:3490	13	13	12	0.9230769230769231	26.7569932023	9.999000099990002e-05
DOID:2876	24	24	23	0.9583333333333334	29.5778299448	9.999000099990002e-05
DOID:5403	22	22	7	0.3181818181818182	8.51853797602	0.00039996000399960006
DOID:3087	14	14	1	0.07142857142857142	-0.394647781685	1.0
DOID:9778	37	37	4	0.10810810810810811	1.91046328533	0.0704929507049295
DOID:6196	23	22	8	0.36363636363636365	10.0412009443	0.00019998000199980003
DOID:4473	191	175	131	0.7485714285714286	11.243393038	9.999000099990002e-05
DOID:74	275	260	178	0.6846153846153846	7.28221659067	9.999000099990002e-05
DOID:9201	10	10	2	0.2	2.97440340844	0.08409159084091591
DOID:11257	11	11	1	0.09090909090909091	-0.324848052456	1.0
DOID:1319	193	190	135	0.7105263157894737	9.66255885614	9.999000099990002e-05
DOID:12176	14	13	1	0.07692307692307693	-0.364163163199	1.0
DOID:1967	12	12	2	0.16666666666666666	2.39067985295	0.11608839116088392
DOID:5426	316	297	161	0.5420875420875421	4.87196986643	9.999000099990002e-05
DOID:3086	12	12	6	0.5	13.3357633047	9.999000099990002e-05
DOID:999	24	24	3	0.125	2.10752202371	0.06869313068693131
DOID:2030	57	56	14	0.25	6.69278983287	0.0013998600139986002
DOID:5183	16	12	2	0.16666666666666666	2.39067985295	0.11608839116088392
DOID:9206	65	64	39	0.609375	18.0135230284	9.999000099990002e-05
DOID:2615	14	14	2	0.14285714285714285	1.97560916537	0.1498850114988501
DOID:11613	40	38	6	0.15789473684210525	3.78764977582	0.015598440155984402
DOID:612	52	52	6	0.11538461538461539	2.21658265212	0.0504949505049495
DOID:0060172	22	18	2	0.1111111111111111	1.3117008263	0.23527647235276472
DOID:4916	20	19	2	0.10526315789473684	1.25166812738	0.25107489251074894
DOID:2645	79	78	40	0.5128205128205128	13.3344713949	9.999000099990002e-05
DOID:12270	17	17	6	0.35294117647058826	9.04075011184	0.00039996000399960006
DOID:11612	365	348	222	0.6379310344827587	5.82883030593	9.999000099990002e-05
DOID:8398	179	173	82	0.47398843930635837	6.49402337562	9.999000099990002e-05
DOID:10887	11	11	3	0.2727272727272727	5.49158977128	0.007899210078992101
DOID:5213	12	12	1	0.08333333333333333	-0.345591009989	1.0
DOID:1909	481	467	372	0.7965738758029979	8.65591683053	9.999000099990002e-05
DOID:3347	115	115	90	0.782608695652174	16.8840055554	9.999000099990002e-05
DOID:13141	35	35	8	0.22857142857142856	6.05124499011	0.0022997700229977
DOID:1749	597	574	483	0.8414634146341463	9.91396116516	9.999000099990002e-05
DOID:1785	38	37	10	0.2702702702702703	7.58988641963	0.0007999200079992001
DOID:9975	115	93	39	0.41935483870967744	9.86571011798	9.999000099990002e-05
DOID:1926	18	17	2	0.11764705882352941	1.41930383323	0.22177782221777823
DOID:3652	20	19	14	0.7368421052631579	22.4933843325	9.999000099990002e-05
DOID:5077	11	10	4	0.4	9.50939936239	0.00039996000399960006
DOID:0050562	11	11	3	0.2727272727272727	5.49158977128	0.007899210078992101
DOID:1432	21	19	2	0.10526315789473684	1.25166812738	0.25107489251074894
DOID:5675	96	94	61	0.648936170212766	15.7198280524	9.999000099990002e-05
DOID:3168	32	32	9	0.28125	8.0413621707	0.0007999200079992001
DOID:9146	20	19	3	0.15789473684210525	3.02181114447	0.0321967803219678
DOID:10159	35	35	20	0.5714285714285714	17.9327391784	9.999000099990002e-05
DOID:3146	40	39	5	0.1282051282051282	2.6088948593	0.0365963403659634
DOID:0050426	23	22	3	0.13636363636363635	2.42788610292	0.055194480551944806
DOID:57	17	17	9	0.5294117647058824	14.7568348208	9.999000099990002e-05
DOID:305	340	334	263	0.7874251497005988	8.01966470325	9.999000099990002e-05
DOID:4971	30	30	6	0.2	5.00300059986	0.005499450054994501
DOID:10976	22	22	6	0.2727272727272727	6.99587500774	0.0008999100089991
DOID:12140	23	22	8	0.36363636363636365	10.0412009443	0.00019998000199980003
DOID:4844	17	17	10	0.5882352941176471	16.6621963905	9.999000099990002e-05
DOID:11162	19	19	1	0.05263157894736842	-0.518474889706	1.0
DOID:10021	18	17	5	0.29411764705882354	7.13538854219	0.0015998400159984002
DOID:1074	77	75	10	0.13333333333333333	2.40643614888	0.041995800419958006
DOID:13001	88	87	57	0.6551724137931034	16.2948132437	9.999000099990002e-05
DOID:1827	46	39	3	0.07692307692307693	0.836066061189	0.21247875212478753
DOID:0050427	14	14	11	0.7857142857142857	23.3079216889	9.999000099990002e-05
DOID:8670	19	19	4	0.21052631578947367	4.79195416156	0.006799320067993201
DOID:12603	48	48	20	0.4166666666666667	12.5322066558	9.999000099990002e-05
DOID:9281	11	11	2	0.18181818181818182	2.58337085941	0.10318968103189681
DOID:4450	315	298	240	0.8053691275167785	8.39927251833	9.999000099990002e-05
DOID:10939	15	15	2	0.13333333333333333	1.75187302171	0.1787821217878212
DOID:670	93	89	20	0.2247191011235955	4.5624589307	0.0058994100589941
DOID:778	21	21	2	0.09523809523809523	0.973605258677	0.30456954304569545
DOID:614	18	18	8	0.4444444444444444	12.1821496631	9.999000099990002e-05
DOID:12185	17	10	3	0.3	6.24190138542	0.005499450054994501
DOID:3946	13	13	4	0.3076923076923077	7.03251584559	0.0025997400259974
DOID:2449	20	19	3	0.15789473684210525	3.02181114447	0.0321967803219678
DOID:2224	28	28	10	0.35714285714285715	10.2525586236	0.00019998000199980003
DOID:4	2685	2526	2279	0.9022169437846398	9.62835390255	9.999000099990002e-05
DOID:9074	543	494	388	0.7854251012145749	8.59706164181	9.999000099990002e-05
DOID:4610	24	24	13	0.5416666666666666	15.8426759843	9.999000099990002e-05
DOID:10241	32	31	6	0.1935483870967742	4.91192633753	0.0058994100589941
DOID:1247	31	31	19	0.6129032258064516	19.7837251097	9.999000099990002e-05
DOID:5485	19	19	5	0.2631578947368421	6.56209717865	0.0021997800219978004
DOID:8691	13	13	1	0.07692307692307693	-0.364163163199	1.0
DOID:0060058	217	211	154	0.7298578199052133	9.18804329732	9.999000099990002e-05
DOID:8805	42	42	9	0.21428571428571427	5.7006307866	0.0031996800319968005
DOID:535	48	44	19	0.4318181818181818	13.6765510117	9.999000099990002e-05
DOID:768	43	43	36	0.8372093023255814	27.1437900723	9.999000099990002e-05
DOID:1852	17	17	2	0.11764705882352941	1.41930383323	0.22177782221777823
DOID:0060123	10	10	5	0.5	12.7768973394	9.999000099990002e-05
DOID:9352	2696	2539	2290	0.9019298936589208	9.74835229521	9.999000099990002e-05
DOID:2349	104	103	55	0.5339805825242718	11.9075187357	9.999000099990002e-05
DOID:8552	138	133	100	0.7518796992481203	14.3586487027	9.999000099990002e-05
DOID:0050431	12	12	5	0.4166666666666667	10.5994924418	0.00019998000199980003
DOID:769	235	225	157	0.6977777777777778	8.22346457867	9.999000099990002e-05
DOID:2228	11	11	3	0.2727272727272727	5.49158977128	0.007899210078992101
DOID:10591	417	402	289	0.7189054726368159	7.10264003048	9.999000099990002e-05
DOID:2723	29	28	11	0.39285714285714285	11.4747891591	9.999000099990002e-05
DOID:10584	77	66	7	0.10606060606060606	1.71194979442	0.07799220077992201
DOID:4890	17	13	3	0.23076923076923078	4.56695617599	0.013398660133986601
DOID:1681	13	12	1	0.08333333333333333	-0.345591009989	1.0
DOID:12858	68	66	35	0.5303030303030303	14.938569988	9.999000099990002e-05
DOID:10534	667	649	548	0.8443759630200308	10.0534502705	9.999000099990002e-05
DOID:4467	196	180	136	0.7555555555555555	11.0641099343	9.999000099990002e-05
DOID:4851	20	19	7	0.3684210526315789	10.1023832128	0.00029997000299970003
DOID:1575	20	20	4	0.2	4.39351429213	0.009999000099990002
DOID:104	35	35	9	0.2571428571428571	7.0413695058	0.0008999100089991
DOID:8675	352	348	273	0.7844827586206896	7.89968632146	9.999000099990002e-05
DOID:1781	219	217	182	0.8387096774193549	10.5248816799	9.999000099990002e-05
DOID:14175	11	11	7	0.6363636363636364	17.1244654188	9.999000099990002e-05
DOID:684	585	571	509	0.8914185639229422	10.9070878015	9.999000099990002e-05
DOID:3875	20	20	6	0.3	7.68811463868	0.0008999100089991
DOID:11400	14	14	9	0.6428571428571429	18.5674077948	9.999000099990002e-05
DOID:3388	33	33	5	0.15151515151515152	3.44139647602	0.019598040195980403
DOID:2848	80	78	10	0.1282051282051282	2.19967836338	0.0494950504949505
DOID:11758	35	34	5	0.14705882352941177	3.25844967236	0.0206979302069793
DOID:2559	41	37	3	0.08108108108108109	0.963892762943	0.18968103189681032
DOID:731	17	17	3	0.17647058823529413	3.32466540289	0.026297370262973702
DOID:3082	30	27	3	0.1111111111111111	1.763523688	0.096990300969903
DOID:898	14	14	9	0.6428571428571429	18.5674077948	9.999000099990002e-05
DOID:418	163	159	111	0.6981132075471698	11.1278076697	9.999000099990002e-05
DOID:3324	73	71	5	0.07042253521126761	0.603344017173	0.2191780821917808
DOID:767	24	24	10	0.4166666666666667	11.7221297961	9.999000099990002e-05
DOID:65	138	138	75	0.5434782608695652	9.48306772537	9.999000099990002e-05
DOID:1921	24	22	2	0.09090909090909091	0.90522313464	0.33356664333566644
DOID:10952	26	26	6	0.23076923076923078	5.79634490039	0.0031996800319968005
DOID:8568	12	12	3	0.25	5.12695071588	0.0091990800919908
DOID:5295	17	17	3	0.17647058823529413	3.32466540289	0.026297370262973702
DOID:4079	32	32	2	0.0625	0.273002359094	0.553944605539446
DOID:0080000	44	41	13	0.3170731707317073	9.4662881815	0.00029997000299970003
DOID:12556	10	10	2	0.2	2.97440340844	0.08409159084091591
DOID:12297	36	34	16	0.47058823529411764	14.6015131858	9.999000099990002e-05
DOID:585	25	25	6	0.24	6.08517619811	0.0024997500249975004
DOID:1307	130	127	84	0.6614173228346457	13.0242352018	9.999000099990002e-05
DOID:8997	16	16	3	0.1875	3.61249542331	0.022797720227977204
DOID:2526	28	28	8	0.2857142857142857	7.80809755271	0.0005999400059994001
DOID:5082	326	320	236	0.7375	7.37504467845	9.999000099990002e-05
DOID:9119	524	501	401	0.8003992015968064	8.87689183196	9.999000099990002e-05
DOID:0050120	11	11	5	0.45454545454545453	11.308027595	0.00019998000199980003
DOID:4737	14	14	2	0.14285714285714285	1.97560916537	0.1498850114988501
DOID:13949	12	12	2	0.16666666666666666	2.39067985295	0.11608839116088392
DOID:11949	18	17	3	0.17647058823529413	3.32466540289	0.026297370262973702
DOID:1679	13	13	9	0.6923076923076923	19.3603141936	9.999000099990002e-05
DOID:9663	15	15	2	0.13333333333333333	1.75187302171	0.1787821217878212
DOID:1168	121	120	59	0.49166666666666664	9.5251285498	9.999000099990002e-05
DOID:750	46	45	10	0.2222222222222222	6.03454130004	0.0027997200279972004
DOID:1380	159	152	106	0.6973684210526315	11.7263374473	9.999000099990002e-05
DOID:8924	43	43	10	0.23255813953488372	6.24484571547	0.0017998200179982
DOID:3753	12	12	3	0.25	5.12695071588	0.0091990800919908
DOID:9008	79	74	38	0.5135135135135135	14.0506819491	9.999000099990002e-05
DOID:1210	11	11	4	0.36363636363636365	8.39980868316	0.0007999200079992001
DOID:3078	15	14	4	0.2857142857142857	6.71612305949	0.0018998100189981002
DOID:5418	55	53	4	0.07547169811320754	0.837525713198	0.1845815418458154
DOID:14323	10	10	2	0.2	2.97440340844	0.08409159084091591
DOID:2351	12	12	4	0.3333333333333333	7.86322157882	0.0011998800119988001
DOID:2377	536	505	375	0.7425742574257426	7.71362932837	9.999000099990002e-05
DOID:1184	68	68	29	0.4264705882352941	11.9624331449	9.999000099990002e-05
DOID:0050597	21	20	3	0.15	2.74621411886	0.04279572042795721
DOID:3491	16	16	5	0.3125	7.66646851647	0.0010998900109989002
DOID:0060060	351	347	272	0.7838616714697406	7.8916996904	9.999000099990002e-05
DOID:8541	18	18	5	0.2777777777777778	6.74692524468	0.0017998200179982
DOID:12930	115	110	49	0.44545454545454544	9.11069365288	9.999000099990002e-05
DOID:3571	472	459	365	0.7952069716775599	8.57233753658	9.999000099990002e-05
DOID:8577	324	305	183	0.6	5.55608343104	9.999000099990002e-05
DOID:3947	14	13	2	0.15384615384615385	2.1013965064	0.1316868313168683
DOID:1875	19	19	3	0.15789473684210525	3.02181114447	0.0321967803219678
DOID:9120	43	43	23	0.5348837209302325	16.6943178939	9.999000099990002e-05
DOID:4830	14	14	5	0.35714285714285715	9.08638000655	0.0004999500049995
DOID:12704	27	27	21	0.7777777777777778	24.217669818	9.999000099990002e-05
DOID:1115	43	43	29	0.6744186046511628	21.517151207	9.999000099990002e-05
DOID:1724	51	51	11	0.21568627450980393	5.65960390652	0.0038996100389961006
DOID:4007	22	22	2	0.09090909090909091	0.90522313464	0.33356664333566644
DOID:381	18	18	5	0.2777777777777778	6.74692524468	0.0017998200179982
DOID:10024	41	37	4	0.10810810810810811	1.91046328533	0.0704929507049295
DOID:0060025	19	19	4	0.21052631578947367	4.79195416156	0.006799320067993201
DOID:12217	44	43	27	0.627906976744186	19.9095401026	9.999000099990002e-05
DOID:633	27	26	5	0.19230769230769232	4.49703645619	0.008999100089991
DOID:10923	103	100	47	0.47	10.4818921833	9.999000099990002e-05
DOID:1837	491	457	295	0.6455142231947484	5.91512221351	9.999000099990002e-05
DOID:1094	176	163	36	0.22085889570552147	2.4222420273	0.0314968503149685
DOID:715	21	21	3	0.14285714285714285	2.5239321037	0.05019498050194981
DOID:308	17	16	1	0.0625	-0.441477669845	1.0
DOID:2998	74	72	30	0.4166666666666667	11.2084153133	9.999000099990002e-05
DOID:12361	145	138	71	0.5144927536231884	8.89967114093	9.999000099990002e-05
DOID:4607	49	49	23	0.46938775510204084	13.9007348826	9.999000099990002e-05
DOID:1984	71	71	53	0.7464788732394366	21.5892228754	9.999000099990002e-05
DOID:5520	18	17	1	0.058823529411764705	-0.486057736418	1.0
DOID:6419	14	13	3	0.23076923076923078	4.56695617599	0.013398660133986601
DOID:3770	97	97	51	0.5257731958762887	12.3140009403	9.999000099990002e-05
DOID:8893	176	156	64	0.41025641025641024	6.11635687653	9.999000099990002e-05
DOID:2218	13	13	6	0.46153846153846156	11.9636351848	0.00019998000199980003
DOID:11054	616	602	493	0.8189368770764119	9.3433393928	9.999000099990002e-05
DOID:11247	13	13	8	0.6153846153846154	16.894754524	9.999000099990002e-05
DOID:11202	13	13	2	0.15384615384615385	2.1013965064	0.1316868313168683
DOID:13544	26	25	4	0.16	3.3816147097	0.019598040195980403
DOID:1324	855	829	707	0.8528347406513872	10.2352791613	9.999000099990002e-05
DOID:224	33	33	12	0.36363636363636365	10.9788731131	9.999000099990002e-05
DOID:799	13	12	4	0.3333333333333333	7.86322157882	0.0011998800119988001
DOID:2870	25	24	9	0.375	10.3486144001	9.999000099990002e-05
DOID:2089	23	23	5	0.21739130434782608	5.09002748055	0.0046995300469953
DOID:1245	14	14	3	0.21428571428571427	4.34586611243	0.014498550144985502
DOID:5940	15	15	2	0.13333333333333333	1.75187302171	0.1787821217878212
DOID:4159	219	210	136	0.6476190476190476	8.08543496731	9.999000099990002e-05
DOID:11984	81	81	46	0.5679012345679012	14.9750903027	9.999000099990002e-05
DOID:263	170	156	120	0.7692307692307693	12.7804809516	9.999000099990002e-05
DOID:0060072	595	583	502	0.8610634648370498	10.3680680724	9.999000099990002e-05
DOID:9974	185	172	46	0.26744186046511625	3.08983467629	0.008899110088991101
DOID:14228	107	100	24	0.24	4.63864727094	0.0038996100389961006
DOID:3594	16	16	5	0.3125	7.66646851647	0.0010998900109989002
DOID:8567	229	226	187	0.827433628318584	10.0184191722	9.999000099990002e-05
DOID:2994	72	68	27	0.39705882352941174	11.0265739376	9.999000099990002e-05
DOID:3069	85	84	50	0.5952380952380952	15.0881477876	9.999000099990002e-05
DOID:8649	21	20	14	0.7	20.8665160249	9.999000099990002e-05
DOID:3319	10	10	2	0.2	2.97440340844	0.08409159084091591
DOID:10003	59	50	7	0.14	3.04538247092	0.026297370262973702
DOID:409	176	173	67	0.3872832369942196	5.02541861847	0.00019998000199980003
DOID:591	12	12	1	0.08333333333333333	-0.345591009989	1.0
DOID:4661	17	17	2	0.11764705882352941	1.41930383323	0.22177782221777823
DOID:557	239	232	115	0.4956896551724138	5.23074346139	9.999000099990002e-05
DOID:13359	14	14	3	0.21428571428571427	4.34586611243	0.014498550144985502
DOID:4015	32	32	21	0.65625	21.3585504192	9.999000099990002e-05
DOID:127	77	77	41	0.5324675324675324	14.066303855	9.999000099990002e-05
DOID:2596	95	92	52	0.5652173913043478	13.5378182985	9.999000099990002e-05
DOID:1520	86	85	56	0.6588235294117647	16.9431571286	9.999000099990002e-05
DOID:2513	112	104	59	0.5673076923076923	12.6327865085	9.999000099990002e-05
DOID:1618	21	20	9	0.45	12.6300151585	9.999000099990002e-05
DOID:14268	41	40	6	0.15	3.40204657494	0.0187981201879812
DOID:1036	409	386	314	0.8134715025906736	8.45623711863	9.999000099990002e-05
DOID:1920	25	24	2	0.08333333333333333	0.734006627653	0.3688631136886311
DOID:3864	40	40	18	0.45	13.8967917932	9.999000099990002e-05
DOID:2256	25	24	6	0.25	6.22806821188	0.0025997400259974
DOID:1574	458	444	253	0.5698198198198198	4.72169712605	9.999000099990002e-05
DOID:10595	25	25	2	0.08	0.678053221293	0.39576042395760425
DOID:321	34	33	13	0.3939393939393939	12.0556554899	9.999000099990002e-05
DOID:2957	99	96	33	0.34375	7.53943911505	0.00029997000299970003
DOID:0050541	11	10	2	0.2	2.97440340844	0.08409159084091591
DOID:4428	24	16	3	0.1875	3.61249542331	0.022797720227977204
DOID:437	48	48	7	0.14583333333333334	3.23749208176	0.023397660233976603
DOID:1509	19	19	3	0.15789473684210525	3.02181114447	0.0321967803219678
DOID:2975	13	13	6	0.46153846153846156	11.9636351848	0.00019998000199980003
DOID:14067	77	74	14	0.1891891891891892	4.18484246371	0.0091990800919908
DOID:11981	76	75	24	0.32	7.93901835472	9.999000099990002e-05
DOID:4914	34	34	21	0.6176470588235294	19.7574511464	9.999000099990002e-05
DOID:14227	103	96	33	0.34375	7.53943911505	0.00029997000299970003
DOID:8929	57	56	12	0.21428571428571427	5.49516800321	0.003999600039996
DOID:3083	554	540	420	0.7777777777777778	8.51371647901	9.999000099990002e-05
DOID:6193	11	11	4	0.36363636363636365	8.39980868316	0.0007999200079992001
DOID:2942	20	20	2	0.1	1.09891394559	0.2770722927707229
DOID:853	14	14	2	0.14285714285714285	1.97560916537	0.1498850114988501
DOID:2843	61	59	19	0.3220338983050847	9.21174261176	0.00019998000199980003
DOID:1099	18	16	4	0.25	5.63948196989	0.004899510048995101
DOID:4479	12	10	3	0.3	6.24190138542	0.005499450054994501
DOID:4001	42	40	12	0.3	8.64941918409	0.00029997000299970003
DOID:2508	15	15	2	0.13333333333333333	1.75187302171	0.1787821217878212
DOID:5844	431	412	271	0.6577669902912622	6.21798978229	9.999000099990002e-05
DOID:10892	26	23	7	0.30434782608695654	7.94943284011	0.0006999300069993001
DOID:11716	31	30	3	0.1	1.52555526737	0.11398860113988601
DOID:10017	10	10	2	0.2	2.97440340844	0.08409159084091591
DOID:12531	15	15	8	0.5333333333333333	14.8925632708	9.999000099990002e-05
DOID:10772	12	12	4	0.3333333333333333	7.86322157882	0.0011998800119988001
DOID:10126	19	16	2	0.125	1.58550887673	0.18908109189081093
DOID:1005	14	14	3	0.21428571428571427	4.34586611243	0.014498550144985502
DOID:13550	15	15	2	0.13333333333333333	1.75187302171	0.1787821217878212
DOID:419	25	25	11	0.44	12.8440799191	9.999000099990002e-05
DOID:4464	191	175	131	0.7485714285714286	11.243393038	9.999000099990002e-05
DOID:4404	13	13	2	0.15384615384615385	2.1013965064	0.1316868313168683
DOID:3748	105	103	72	0.6990291262135923	16.0365836127	9.999000099990002e-05
DOID:8544	48	46	3	0.06521739130434782	0.476223372879	0.3037696230376962
DOID:4465	195	179	134	0.7486033519553073	10.8302705118	9.999000099990002e-05
DOID:13025	24	24	5	0.20833333333333334	4.85455281582	0.0066993300669933005
DOID:12241	53	51	21	0.4117647058823529	12.3841787274	9.999000099990002e-05
DOID:162	1256	1229	1139	0.9267697314890154	12.1593021408	9.999000099990002e-05
DOID:848	87	86	14	0.16279069767441862	3.05054115336	0.0245975402459754
DOID:657	190	184	108	0.5869565217391305	8.10016265441	9.999000099990002e-05
DOID:12689	50	50	41	0.82	26.33597878	9.999000099990002e-05
DOID:5409	165	162	108	0.6666666666666666	10.4557928881	9.999000099990002e-05
DOID:4645	11	11	7	0.6363636363636364	17.1244654188	9.999000099990002e-05
DOID:0050328	14	13	2	0.15384615384615385	2.1013965064	0.1316868313168683
DOID:678	19	16	6	0.375	9.69345506305	0.00039996000399960006
DOID:1595	80	78	10	0.1282051282051282	2.19967836338	0.0494950504949505
DOID:8533	13	13	3	0.23076923076923078	4.56695617599	0.013398660133986601
DOID:9976	48	44	4	0.09090909090909091	1.4261873388	0.10478952104789521
DOID:10603	105	100	35	0.35	7.43324266379	9.999000099990002e-05
DOID:0050570	17	17	2	0.11764705882352941	1.41930383323	0.22177782221777823
DOID:3114	41	40	24	0.6	19.1441644024	9.999000099990002e-05
DOID:1682	110	102	37	0.3627450980392157	7.69158324482	9.999000099990002e-05
DOID:7693	88	86	48	0.5581395348837209	14.1077040299	9.999000099990002e-05
DOID:8692	160	154	101	0.6558441558441559	10.6899492585	9.999000099990002e-05
DOID:14250	106	105	54	0.5142857142857142	11.112733684	9.999000099990002e-05
DOID:11713	93	92	35	0.3804347826086957	8.63513135422	0.00019998000199980003
DOID:3298	11	11	4	0.36363636363636365	8.39980868316	0.0007999200079992001
DOID:11503	59	59	9	0.15254237288135594	3.47094415497	0.019098090190980903
DOID:2600	99	96	53	0.5520833333333334	12.9945193484	9.999000099990002e-05
DOID:0050425	27	21	2	0.09523809523809523	0.973605258677	0.30456954304569545
DOID:4440	30	28	6	0.21428571428571427	5.3636364818	0.0040995900409959
DOID:26	15	14	2	0.14285714285714285	1.97560916537	0.1498850114988501
DOID:4988	37	37	6	0.16216216216216217	3.80360433009	0.013798620137986202
DOID:0050117	294	287	221	0.7700348432055749	8.04828315906	9.999000099990002e-05
DOID:2214	16	16	7	0.4375	11.7204416096	9.999000099990002e-05
DOID:3614	11	10	2	0.2	2.97440340844	0.08409159084091591
DOID:14499	11	11	1	0.09090909090909091	-0.324848052456	1.0
DOID:1686	60	55	9	0.16363636363636364	3.82754259288	0.012898710128987101
DOID:9505	59	56	13	0.23214285714285715	6.09397891804	0.0025997400259974
DOID:2468	65	62	8	0.12903225806451613	2.51437253422	0.038196180381961806
DOID:3969	40	39	11	0.28205128205128205	7.92738125363	0.00039996000399960006
DOID:4362	230	227	172	0.7577092511013216	9.21014085082	9.999000099990002e-05
DOID:3590	11	11	2	0.18181818181818182	2.58337085941	0.10318968103189681
DOID:1586	12	12	3	0.25	5.12695071588	0.0091990800919908
DOID:3362	27	25	7	0.28	7.43695694232	0.000999900009999
DOID:2154	31	27	3	0.1111111111111111	1.763523688	0.096990300969903
DOID:2476	24	21	3	0.14285714285714285	2.5239321037	0.05019498050194981
DOID:9406	15	15	2	0.13333333333333333	1.75187302171	0.1787821217878212
DOID:12918	13	13	3	0.23076923076923078	4.56695617599	0.013398660133986601
DOID:7998	26	26	3	0.11538461538461539	1.89841956781	0.07949205079492051
DOID:302	186	173	46	0.2658959537572254	2.96937195847	0.0115988401159884
DOID:4418	11	10	6	0.6	16.0443953163	9.999000099990002e-05
DOID:8927	32	27	7	0.25925925925925924	6.75333393912	0.0010998900109989002
DOID:13580	35	34	8	0.23529411764705882	6.35201244874	0.001999800019998
DOID:2987	50	48	7	0.14583333333333334	3.23749208176	0.023397660233976603
DOID:4960	28	28	15	0.5357142857142857	16.3637113009	9.999000099990002e-05
DOID:10754	25	24	6	0.25	6.22806821188	0.0025997400259974
DOID:1936	425	413	320	0.774818401937046	8.10565510031	9.999000099990002e-05
DOID:0050523	27	27	7	0.25925925925925924	6.75333393912	0.0010998900109989002
DOID:1793	410	403	346	0.858560794044665	9.38864714779	9.999000099990002e-05
DOID:1205	150	144	78	0.5416666666666666	9.22209495974	9.999000099990002e-05
DOID:8781	15	15	3	0.2	3.94198806322	0.018998100189981004
DOID:9252	14	14	1	0.07142857142857142	-0.394647781685	1.0
DOID:809	115	93	39	0.41935483870967744	9.86571011798	9.999000099990002e-05
DOID:5158	27	27	2	0.07407407407407407	0.516071125222	0.44915508449155084
DOID:688	56	54	6	0.1111111111111111	2.09651902	0.054394560543945605
DOID:8622	27	27	3	0.1111111111111111	1.763523688	0.096990300969903
DOID:615	28	26	3	0.11538461538461539	1.89841956781	0.07949205079492051
DOID:660	14	13	2	0.15384615384615385	2.1013965064	0.1316868313168683
DOID:14256	10	10	2	0.2	2.97440340844	0.08409159084091591
DOID:4500	10	10	1	0.1	-0.293094568535	1.0
DOID:3962	22	22	6	0.2727272727272727	6.99587500774	0.0008999100089991
DOID:10526	14	14	6	0.42857142857142855	11.4566369536	0.00019998000199980003
DOID:4964	88	84	12	0.14285714285714285	2.49132086905	0.0397960203979602
DOID:13258	20	20	5	0.25	6.04081446541	0.0025997400259974
DOID:10211	32	31	11	0.3548387096774194	10.6318489422	9.999000099990002e-05
DOID:0080036	21	20	6	0.3	7.68811463868	0.0008999100089991
DOID:1849	10	10	2	0.2	2.97440340844	0.08409159084091591
DOID:916	255	246	160	0.6504065040650406	7.16145679387	9.999000099990002e-05
DOID:2352	53	52	8	0.15384615384615385	3.53770713187	0.0178982101789821
DOID:1510	19	19	3	0.15789473684210525	3.02181114447	0.0321967803219678
DOID:1395	12	12	2	0.16666666666666666	2.39067985295	0.11608839116088392
DOID:8651	16	14	2	0.14285714285714285	1.97560916537	0.1498850114988501
DOID:3200	42	42	34	0.8095238095238095	26.5891015775	9.999000099990002e-05
DOID:574	308	286	117	0.4090909090909091	3.17153117805	0.00039996000399960006
DOID:299	682	650	510	0.7846153846153846	8.69727412064	9.999000099990002e-05
DOID:169	30	30	7	0.23333333333333334	6.16214904403	0.0023997600239976003
DOID:3112	17	17	13	0.7647058823529411	22.3782810994	9.999000099990002e-05
DOID:4194	30	30	4	0.13333333333333333	2.68470371153	0.0337966203379662
DOID:11934	321	313	231	0.7380191693290735	7.46033838417	9.999000099990002e-05
DOID:3159	10	10	3	0.3	6.24190138542	0.005499450054994501
DOID:1073	33	33	5	0.15151515151515152	3.44139647602	0.019598040195980403
DOID:520	16	16	4	0.25	5.63948196989	0.004899510048995101
DOID:0060053	297	276	108	0.391304347826087	3.05110830848	0.0010998900109989002
DOID:5688	17	16	11	0.6875	19.8283877959	9.999000099990002e-05
DOID:1883	338	327	243	0.7431192660550459	7.48142454491	9.999000099990002e-05
DOID:687	19	19	10	0.5263157894736842	15.4128122641	9.999000099990002e-05
DOID:3119	58	58	28	0.4827586206896552	14.1383294988	9.999000099990002e-05
DOID:120	18	18	10	0.5555555555555556	15.8056326087	9.999000099990002e-05
DOID:9282	24	24	6	0.25	6.22806821188	0.0025997400259974
DOID:9849	18	18	3	0.16666666666666666	3.1234422991	0.0313968603139686
DOID:9993	33	33	4	0.12121212121212122	2.3646140993	0.047795220477952205
DOID:11088	11	11	3	0.2727272727272727	5.49158977128	0.007899210078992101
DOID:893	11	11	3	0.2727272727272727	5.49158977128	0.007899210078992101
DOID:3457	53	53	36	0.6792452830188679	21.3211873016	9.999000099990002e-05
DOID:11819	11	11	4	0.36363636363636365	8.39980868316	0.0007999200079992001
DOID:2320	20	20	4	0.2	4.39351429213	0.009999000099990002
DOID:440	13	13	4	0.3076923076923077	7.03251584559	0.0025997400259974
DOID:9253	50	50	30	0.6	18.8007858565	9.999000099990002e-05
DOID:184	53	53	24	0.4528301886792453	13.639814206	9.999000099990002e-05
DOID:13413	12	12	2	0.16666666666666666	2.39067985295	0.11608839116088392
DOID:0050581	10	10	4	0.4	9.50939936239	0.00039996000399960006
DOID:12554	42	42	14	0.3333333333333333	9.87832494479	0.00019998000199980003
DOID:3827	49	46	7	0.15217391304347827	3.48838891924	0.0192980701929807
DOID:10883	26	26	13	0.5	14.8915040097	9.999000099990002e-05
DOID:76	12	12	1	0.08333333333333333	-0.345591009989	1.0
DOID:235	250	245	183	0.746938775510204	8.41529923918	9.999000099990002e-05
DOID:2733	11	11	7	0.6363636363636364	17.1244654188	9.999000099990002e-05
DOID:1470	118	111	31	0.27927927927927926	5.15361238934	0.0014998500149985001
DOID:11714	77	75	26	0.3466666666666667	8.72938724127	9.999000099990002e-05
DOID:13364	17	17	13	0.7647058823529411	22.3782810994	9.999000099990002e-05
DOID:1459	40	40	4	0.1	1.65292237188	0.08749125087491251
DOID:9588	28	28	6	0.21428571428571427	5.3636364818	0.0040995900409959
DOID:1312	40	40	20	0.5	15.6459159963	9.999000099990002e-05
DOID:9743	63	63	15	0.23809523809523808	6.07594374911	0.001999800019998
DOID:13189	37	34	4	0.11764705882352941	2.22726208024	0.052894710528947106
DOID:10608	431	388	208	0.5360824742268041	4.27711037057	9.999000099990002e-05
DOID:13241	121	119	36	0.3025210084033613	5.37354860292	0.0007999200079992001
DOID:11512	10	10	4	0.4	9.50939936239	0.00039996000399960006
DOID:8483	12	12	4	0.3333333333333333	7.86322157882	0.0011998800119988001
DOID:1240	538	516	438	0.8488372093023255	9.85547186816	9.999000099990002e-05
DOID:12306	92	90	23	0.25555555555555554	5.48388627864	0.0024997500249975004
DOID:9478	11	11	2	0.18181818181818182	2.58337085941	0.10318968103189681
DOID:14004	16	16	3	0.1875	3.61249542331	0.022797720227977204
DOID:12336	128	117	38	0.3247863247863248	6.01784151708	0.00029997000299970003
DOID:219	806	770	633	0.8220779220779221	9.54488637611	9.999000099990002e-05
DOID:11722	17	16	3	0.1875	3.61249542331	0.022797720227977204
DOID:3953	23	21	6	0.2857142857142857	7.17491263878	0.0006999300069993001
DOID:1289	88	87	55	0.632183908045977	15.6712387088	9.999000099990002e-05
DOID:11832	111	108	6	0.05555555555555555	-0.108219486178	0.43465653434656537
DOID:5076	50	46	21	0.45652173913043476	14.0309683315	9.999000099990002e-05
DOID:8543	17	15	2	0.13333333333333333	1.75187302171	0.1787821217878212
DOID:5614	41	40	5	0.125	2.52748447341	0.03849615038496151
DOID:2018	69	68	12	0.17647058823529413	4.00762988322	0.011398860113988602
DOID:13088	11	11	3	0.2727272727272727	5.49158977128	0.007899210078992101
DOID:780	111	109	26	0.23853211009174313	4.28294441559	0.004299570042995701
DOID:841	18	18	8	0.4444444444444444	12.1821496631	9.999000099990002e-05
DOID:1398	29	28	5	0.17857142857142858	4.14140594634	0.010498950104989501
DOID:11260	80	77	39	0.5064935064935064	13.3059405007	9.999000099990002e-05
DOID:11100	19	18	3	0.16666666666666666	3.1234422991	0.0313968603139686
DOID:3463	28	28	19	0.6785714285714286	21.2526334427	9.999000099990002e-05
DOID:674	478	454	320	0.7048458149779736	7.00879731973	9.999000099990002e-05
DOID:1924	26	24	2	0.08333333333333333	0.734006627653	0.3688631136886311
DOID:14069	44	43	4	0.09302325581395349	1.42201240237	0.10538946105389461
DOID:11328	55	53	4	0.07547169811320754	0.837525713198	0.1845815418458154
DOID:13406	48	47	8	0.1702127659574468	4.14415622343	0.010198980101989802
DOID:8654	16	14	2	0.14285714285714285	1.97560916537	0.1498850114988501
DOID:10632	13	13	1	0.07692307692307693	-0.364163163199	1.0
DOID:1070	25	22	3	0.13636363636363635	2.42788610292	0.055194480551944806
DOID:10937	10	10	3	0.3	6.24190138542	0.005499450054994501
DOID:1811	11	11	2	0.18181818181818182	2.58337085941	0.10318968103189681
DOID:3310	195	178	81	0.4550561797752809	6.05732283046	9.999000099990002e-05
DOID:4977	28	28	7	0.25	6.58586701725	0.0014998500149985001
DOID:1555	33	33	7	0.21212121212121213	5.59496122948	0.0030996900309969004
DOID:9351	344	334	229	0.6856287425149701	6.59233299593	9.999000099990002e-05
DOID:679	17	17	2	0.11764705882352941	1.41930383323	0.22177782221777823
DOID:12721	22	21	6	0.2857142857142857	7.17491263878	0.0006999300069993001
DOID:14115	32	32	8	0.25	6.93159648333	0.0013998600139986002
DOID:13133	28	28	3	0.10714285714285714	1.69694487543	0.09809019098090191
DOID:0050539	13	13	4	0.3076923076923077	7.03251584559	0.0025997400259974
DOID:6543	14	13	2	0.15384615384615385	2.1013965064	0.1316868313168683
DOID:1227	72	69	15	0.21739130434782608	5.21225732845	0.0040995900409959
DOID:4624	26	25	6	0.24	6.08517619811	0.0024997500249975004
DOID:9255	16	16	4	0.25	5.63948196989	0.004899510048995101
DOID:4448	155	153	89	0.5816993464052288	9.47290692456	9.999000099990002e-05
DOID:3213	19	19	4	0.21052631578947367	4.79195416156	0.006799320067993201
DOID:10914	33	33	12	0.36363636363636365	10.9788731131	9.999000099990002e-05
DOID:2340	14	14	2	0.14285714285714285	1.97560916537	0.1498850114988501
DOID:13810	59	57	31	0.543859649122807	16.3389760463	9.999000099990002e-05
DOID:543	23	23	3	0.13043478260869565	2.23062212099	0.062493750624937505
DOID:13832	132	127	55	0.4330708661417323	8.02838421575	9.999000099990002e-05
DOID:9296	466	442	306	0.6923076923076923	6.77514262174	9.999000099990002e-05
DOID:3165	224	215	136	0.6325581395348837	7.51593207332	9.999000099990002e-05
DOID:3713	11	11	5	0.45454545454545453	11.308027595	0.00019998000199980003
DOID:2799	23	23	12	0.5217391304347826	15.097946239	9.999000099990002e-05
DOID:1596	56	55	22	0.4	11.8429512252	9.999000099990002e-05
DOID:13223	41	41	25	0.6097560975609756	19.9378459044	9.999000099990002e-05
DOID:8778	379	352	201	0.5710227272727273	4.87229624515	9.999000099990002e-05
DOID:7188	60	55	15	0.2727272727272727	7.52696196163	0.00039996000399960006
DOID:182	301	295	201	0.6813559322033899	6.69167775844	9.999000099990002e-05
DOID:2883	68	64	24	0.375	10.455570607	9.999000099990002e-05
DOID:0050697	182	182	126	0.6923076923076923	10.0050302043	9.999000099990002e-05
DOID:9182	40	40	11	0.275	7.77485708257	0.000999900009999
DOID:3908	315	309	245	0.7928802588996764	8.13163950961	9.999000099990002e-05
DOID:0050529	13	12	5	0.4166666666666667	10.5994924418	0.00019998000199980003
DOID:8432	20	20	12	0.6	17.5719156783	9.999000099990002e-05
DOID:10286	841	803	652	0.8119551681195517	9.32741595755	9.999000099990002e-05
DOID:1148	11	11	2	0.18181818181818182	2.58337085941	0.10318968103189681
DOID:2316	322	307	202	0.6579804560260586	6.34505424615	9.999000099990002e-05
DOID:331	23	21	1	0.047619047619047616	-0.57672158635	1.0
DOID:4325	18	15	7	0.4666666666666667	12.7024482293	9.999000099990002e-05
DOID:10808	46	45	12	0.26666666666666666	7.60523881043	0.0006999300069993001
DOID:1059	162	154	68	0.44155844155844154	6.71042258573	9.999000099990002e-05
DOID:11829	11	11	4	0.36363636363636365	8.39980868316	0.0007999200079992001
DOID:11037	17	17	3	0.17647058823529413	3.32466540289	0.026297370262973702
DOID:9744	497	463	300	0.6479481641468683	6.01646043687	9.999000099990002e-05
DOID:3074	36	36	23	0.6388888888888888	20.2353187184	9.999000099990002e-05
DOID:2755	13	12	2	0.16666666666666666	2.39067985295	0.11608839116088392
DOID:10933	34	34	5	0.14705882352941177	3.25844967236	0.0206979302069793
DOID:863	70	67	7	0.1044776119402985	1.68731841463	0.0800919908009199
DOID:11847	26	26	8	0.3076923076923077	8.39496178877	0.0004999500049995
DOID:1737	18	17	5	0.29411764705882354	7.13538854219	0.0015998400159984002
DOID:4948	56	56	33	0.5892857142857143	18.0701972146	9.999000099990002e-05
DOID:13622	11	10	3	0.3	6.24190138542	0.005499450054994501
DOID:12995	11	11	3	0.2727272727272727	5.49158977128	0.007899210078992101
DOID:5773	27	27	9	0.3333333333333333	9.24823906467	0.0005999400059994001
DOID:10747	386	364	238	0.6538461538461539	6.06047335081	9.999000099990002e-05
DOID:0050156	16	16	2	0.125	1.58550887673	0.18908109189081093
DOID:2741	19	17	4	0.23529411764705882	5.23002697254	0.005499450054994501
DOID:2893	175	173	134	0.7745664739884393	11.5851865337	9.999000099990002e-05
DOID:5093	15	15	2	0.13333333333333333	1.75187302171	0.1787821217878212
DOID:10264	14	14	3	0.21428571428571427	4.34586611243	0.014498550144985502
DOID:11383	15	14	4	0.2857142857142857	6.71612305949	0.0018998100189981002
DOID:8725	45	43	6	0.13953488372093023	3.02962350674	0.027897210278972105
DOID:0050625	43	43	22	0.5116279069767442	15.8905123417	9.999000099990002e-05
DOID:4483	50	49	5	0.10204081632653061	1.68597602166	0.07779222077792221
DOID:3055	11	11	5	0.45454545454545453	11.308027595	0.00019998000199980003
DOID:0050700	89	89	46	0.5168539325842697	12.4251176566	9.999000099990002e-05
DOID:1580	22	20	2	0.1	1.09891394559	0.2770722927707229
DOID:9452	92	92	21	0.22826086956521738	4.59762445897	0.0044995500449955
DOID:363	57	56	27	0.48214285714285715	14.4773317257	9.999000099990002e-05
DOID:7997	18	15	2	0.13333333333333333	1.75187302171	0.1787821217878212
DOID:13543	14	12	2	0.16666666666666666	2.39067985295	0.11608839116088392
DOID:627	29	29	16	0.5517241379310345	17.0426918721	9.999000099990002e-05
DOID:2378	69	68	10	0.14705882352941177	3.07177067597	0.024397560243975602
DOID:784	1040	991	820	0.82744702320888	9.24068487709	9.999000099990002e-05
DOID:0060074	19	19	8	0.42105263157894735	11.8725262299	9.999000099990002e-05
DOID:6741	28	27	14	0.5185185185185185	15.4855018786	9.999000099990002e-05
DOID:583	17	17	2	0.11764705882352941	1.41930383323	0.22177782221777823
DOID:680	15	14	12	0.8571428571428571	25.678178636	9.999000099990002e-05
DOID:12259	14	14	6	0.42857142857142855	11.4566369536	0.00019998000199980003
DOID:1891	10	10	3	0.3	6.24190138542	0.005499450054994501
DOID:9719	13	13	2	0.15384615384615385	2.1013965064	0.1316868313168683
DOID:9455	22	22	3	0.13636363636363635	2.42788610292	0.055194480551944806
DOID:2841	669	645	498	0.772093023255814	8.3414819771	9.999000099990002e-05
DOID:3587	54	53	34	0.6415094339622641	20.0409584524	9.999000099990002e-05
DOID:0050169	10	10	3	0.3	6.24190138542	0.005499450054994501
DOID:3369	31	31	15	0.4838709677419355	15.2077870259	9.999000099990002e-05
DOID:0060119	71	68	37	0.5441176470588235	15.7058699739	9.999000099990002e-05
DOID:318	14	13	5	0.38461538461538464	9.49807551518	0.00029997000299970003
DOID:1826	131	127	48	0.3779527559055118	6.82248915016	9.999000099990002e-05
DOID:3277	14	14	4	0.2857142857142857	6.71612305949	0.0018998100189981002
